   0.1000
   0.1010
   0.1020
   0.1030
   0.1040
   0.1050
   0.1060
   0.1070
   0.1080
   0.1090
   0.1100
   0.1110
   0.1120
   0.1130
   0.1140
   0.1150
   0.1160
   0.1170
   0.1180
   0.1190
   0.1200
   0.1210
   0.1220
   0.1230
   0.1240
   0.1250
   0.1260
   0.1270
   0.1280
   0.1290
   0.1300
   0.1310
   0.1320
   0.1330
   0.1340
   0.1350
   0.1360
   0.1370
   0.1380
   0.1390
   0.1400
   0.1410
   0.1420
   0.1430
   0.1440
   0.1450
   0.1460
   0.1470
   0.1480
   0.1490
   0.1500
   0.1510
   0.1520
   0.1530
   0.1540
   0.1550
   0.1560
   0.1570
   0.1580
   0.1590
   0.1600
   0.1610
   0.1620
   0.1630
   0.1640
   0.1650
   0.1660
   0.1670
   0.1680
   0.1690
   0.1700
   0.1710
   0.1720
   0.1730
   0.1740
   0.1750
   0.1760
   0.1770
   0.1780
   0.1790
   0.1800
   0.1810
   0.1820
   0.1830
   0.1840
   0.1850
   0.1860
   0.1870
   0.1880
   0.1890
   0.1900
   0.1910
   0.1920
   0.1930
   0.1940
   0.1950
   0.1960
   0.1970
   0.1980
   0.1990
   0.2000
   0.2010
   0.2020
   0.2030
   0.2040
   0.2050
   0.2060
   0.2070
   0.2080
   0.2090
   0.2100
   0.2110
   0.2120
   0.2130
   0.2140
   0.2150
   0.2160
   0.2170
   0.2180
   0.2190
   0.2200
   0.2210
   0.2220
   0.2230
   0.2240
   0.2250
   0.2260
   0.2270
   0.2280
   0.2290
   0.2300
   0.2310
   0.2320
   0.2330
   0.2340
   0.2350
   0.2360
   0.2370
   0.2380
   0.2390
   0.2400
   0.2410
   0.2420
   0.2430
   0.2440
   0.2450
   0.2460
   0.2470
   0.2480
   0.2490
   0.2500
   0.2510
   0.2520
   0.2530
   0.2540
   0.2550
   0.2560
   0.2570
   0.2580
   0.2590
   0.2600
   0.2610
   0.2620
   0.2630
   0.2640
   0.2650
   0.2660
   0.2670
   0.2680
   0.2690
   0.2700
   0.2710
   0.2720
   0.2730
   0.2740
   0.2750
   0.2760
   0.2770
   0.2780
   0.2790
   0.2800
   0.2810
   0.2820
   0.2830
   0.2840
   0.2850
   0.2860
   0.2870
   0.2880
   0.2890
   0.2900
   0.2910
   0.2920
   0.2930
   0.2940
   0.2950
   0.2960
   0.2970
   0.2980
   0.2990
   0.3000
   0.3010
   0.3020
   0.3030
   0.3040
   0.3050
   0.3060
   0.3070
   0.3080
   0.3090
   0.3100
   0.3110
   0.3120
   0.3130
   0.3140
   0.3150
   0.3160
   0.3170
   0.3180
   0.3190
   0.3200
   0.3210
   0.3220
   0.3230
   0.3240
   0.3250
   0.3260
   0.3270
   0.3280
   0.3290
   0.3300
   0.3310
   0.3320
   0.3330
   0.3340
   0.3350
   0.3360
   0.3370
   0.3380
   0.3390
   0.3400
   0.3410
   0.3420
   0.3430
   0.3440
   0.3450
   0.3460
   0.3470
   0.3480
   0.3490
   0.3500
   0.3510
   0.3520
   0.3530
   0.3540
   0.3550
   0.3560
   0.3570
   0.3580
   0.3590
   0.3600
   0.3610
   0.3620
   0.3630
   0.3640
   0.3650
   0.3660
   0.3670
   0.3680
   0.3690
   0.3700
   0.3710
   0.3720
   0.3730
   0.3740
   0.3750
   0.3760
   0.3770
   0.3780
   0.3790
   0.3800
   0.3810
   0.3820
   0.3830
   0.3840
   0.3850
   0.3860
   0.3870
   0.3880
   0.3890
   0.3900
   0.3910
   0.3920
   0.3930
   0.3940
   0.3950
   0.3960
   0.3970
   0.3980
   0.3990
   0.4000
   0.4010
   0.4020
   0.4030
   0.4040
   0.4050
   0.4060
   0.4070
   0.4080
   0.4090
   0.4100
   0.4110
   0.4120
   0.4130
   0.4140
   0.4150
   0.4160
   0.4170
   0.4180
   0.4190
   0.4200
   0.4210
   0.4220
   0.4230
   0.4240
   0.4250
   0.4260
   0.4270
   0.4280
   0.4290
   0.4300
   0.4310
   0.4320
   0.4330
   0.4340
   0.4350
   0.4360
   0.4370
   0.4380
   0.4390
   0.4400
   0.4410
   0.4420
   0.4430
   0.4440
   0.4450
   0.4460
   0.4470
   0.4480
   0.4490
   0.4500
   0.4510
   0.4520
   0.4530
   0.4540
   0.4550
   0.4560
   0.4570
   0.4580
   0.4590
   0.4600
   0.4610
   0.4620
   0.4630
   0.4640
   0.4650
   0.4660
   0.4670
   0.4680
   0.4690
   0.4700
   0.4710
   0.4720
   0.4730
   0.4740
   0.4750
   0.4760
   0.4770
   0.4780
   0.4790
   0.4800
   0.4810
   0.4820
   0.4830
   0.4840
   0.4850
   0.4860
   0.4870
   0.4880
   0.4890
   0.4900
   0.4910
   0.4920
   0.4930
   0.4940
   0.4950
   0.4960
   0.4970
   0.4980
   0.4990
   0.5000
   0.5010
   0.5020
   0.5030
   0.5040
   0.5050
   0.5060
   0.5070
   0.5080
   0.5090
   0.5100
   0.5110
   0.5120
   0.5130
   0.5140
   0.5150
   0.5160
   0.5170
   0.5180
   0.5190
   0.5200
   0.5210
   0.5220
   0.5230
   0.5240
   0.5250
   0.5260
   0.5270
   0.5280
   0.5290
   0.5300
   0.5310
   0.5320
   0.5330
   0.5340
   0.5350
   0.5360
   0.5370
   0.5380
   0.5390
   0.5400
   0.5410
   0.5420
   0.5430
   0.5440
   0.5450
   0.5460
   0.5470
   0.5480
   0.5490
   0.5500
   0.5510
   0.5520
   0.5530
   0.5540
   0.5550
   0.5560
   0.5570
   0.5580
   0.5590
   0.5600
   0.5610
   0.5620
   0.5630
   0.5640
   0.5650
   0.5660
   0.5670
   0.5680
   0.5690
   0.5700
   0.5710
   0.5720
   0.5730
   0.5740
   0.5750
   0.5760
   0.5770
   0.5780
   0.5790
   0.5800
   0.5810
   0.5820
   0.5830
   0.5840
   0.5850
   0.5860
   0.5870
   0.5880
   0.5890
   0.5900
   0.5910
   0.5920
   0.5930
   0.5940
   0.5950
   0.5960
   0.5970
   0.5980
   0.5990
   0.6000
   0.6010
   0.6020
   0.6030
   0.6040
   0.6050
   0.6060
   0.6070
   0.6080
   0.6090
   0.6100
   0.6110
   0.6120
   0.6130
   0.6140
   0.6150
   0.6160
   0.6170
   0.6180
   0.6190
   0.6200
   0.6210
   0.6220
   0.6230
   0.6240
   0.6250
   0.6260
   0.6270
   0.6280
   0.6290
   0.6300
   0.6310
   0.6320
   0.6330
   0.6340
   0.6350
   0.6360
   0.6370
   0.6380
   0.6390
   0.6400
   0.6410
   0.6420
   0.6430
   0.6440
   0.6450
   0.6460
   0.6470
   0.6480
   0.6490
   0.6500
   0.6510
   0.6520
   0.6530
   0.6540
   0.6550
   0.6560
   0.6570
   0.6580
   0.6590
   0.6600
   0.6610
   0.6620
   0.6630
   0.6640
   0.6650
   0.6660
   0.6670
   0.6680
   0.6690
   0.6700
   0.6710
   0.6720
   0.6730
   0.6740
   0.6750
   0.6760
   0.6770
   0.6780
   0.6790
   0.6800
   0.6810
   0.6820
   0.6830
   0.6840
   0.6850
   0.6860
   0.6870
   0.6880
   0.6890
   0.6900
   0.6910
   0.6920
   0.6930
   0.6940
   0.6950
   0.6960
   0.6970
   0.6980
   0.6990
   0.7000
   0.7010
   0.7020
   0.7030
   0.7040
   0.7050
   0.7060
   0.7070
   0.7080
   0.7090
   0.7100
   0.7110
   0.7120
   0.7130
   0.7140
   0.7150
   0.7160
   0.7170
   0.7180
   0.7190
   0.7200
   0.7210
   0.7220
   0.7230
   0.7240
   0.7250
   0.7260
   0.7270
   0.7280
   0.7290
   0.7300
   0.7310
   0.7320
   0.7330
   0.7340
   0.7350
   0.7360
   0.7370
   0.7380
   0.7390
   0.7400
   0.7410
   0.7420
   0.7430
   0.7440
   0.7450
   0.7460
   0.7470
   0.7480
   0.7490
   0.7500
   0.7510
   0.7520
   0.7530
   0.7540
   0.7550
   0.7560
   0.7570
   0.7580
   0.7590
   0.7600
   0.7610
   0.7620
   0.7630
   0.7640
   0.7650
   0.7660
   0.7670
   0.7680
   0.7690
   0.7700
   0.7710
   0.7720
   0.7730
   0.7740
   0.7750
   0.7760
   0.7770
   0.7780
   0.7790
   0.7800
   0.7810
   0.7820
   0.7830
   0.7840
   0.7850
   0.7860
   0.7870
   0.7880
   0.7890
   0.7900
   0.7910
   0.7920
   0.7930
   0.7940
   0.7950
   0.7960
   0.7970
   0.7980
   0.7990
   0.8000
   0.8010
   0.8020
   0.8030
   0.8040
   0.8050
   0.8060
   0.8070
   0.8080
   0.8090
   0.8100
   0.8110
   0.8120
   0.8130
   0.8140
   0.8150
   0.8160
   0.8170
   0.8180
   0.8190
   0.8200
   0.8210
   0.8220
   0.8230
   0.8240
   0.8250
   0.8260
   0.8270
   0.8280
   0.8290
   0.8300
   0.8310
   0.8320
   0.8330
   0.8340
   0.8350
   0.8360
   0.8370
   0.8380
   0.8390
   0.8400
   0.8410
   0.8420
   0.8430
   0.8440
   0.8450
   0.8460
   0.8470
   0.8480
   0.8490
   0.8500
   0.8510
   0.8520
   0.8530
   0.8540
   0.8550
   0.8560
   0.8570
   0.8580
   0.8590
   0.8600
   0.8610
   0.8620
   0.8630
   0.8640
   0.8650
   0.8660
   0.8670
   0.8680
   0.8690
   0.8700
   0.8710
   0.8720
   0.8730
   0.8740
   0.8750
   0.8760
   0.8770
   0.8780
   0.8790
   0.8800
   0.8810
   0.8820
   0.8830
   0.8840
   0.8850
   0.8860
   0.8870
   0.8880
   0.8890
   0.8900
   0.8910
   0.8920
   0.8930
   0.8940
   0.8950
   0.8960
   0.8970
   0.8980
   0.8990
   0.9000
   0.9010
   0.9020
   0.9030
   0.9040
   0.9050
   0.9060
   0.9070
   0.9080
   0.9090
   0.9100
   0.9110
   0.9120
   0.9130
   0.9140
   0.9150
   0.9160
   0.9170
   0.9180
   0.9190
   0.9200
   0.9210
   0.9220
   0.9230
   0.9240
   0.9250
   0.9260
   0.9270
   0.9280
   0.9290
   0.9300
   0.9310
   0.9320
   0.9330
   0.9340
   0.9350
   0.9360
   0.9370
   0.9380
   0.9390
   0.9400
   0.9410
   0.9420
   0.9430
   0.9440
   0.9450
   0.9460
   0.9470
   0.9480
   0.9490
   0.9500
   0.9510
   0.9520
   0.9530
   0.9540
   0.9550
   0.9560
   0.9570
   0.9580
   0.9590
   0.9600
   0.9610
   0.9620
   0.9630
   0.9640
   0.9650
   0.9660
   0.9670
   0.9680
   0.9690
   0.9700
   0.9710
   0.9720
   0.9730
   0.9740
   0.9750
   0.9760
   0.9770
   0.9780
   0.9790
   0.9800
   0.9810
   0.9820
   0.9830
   0.9840
   0.9850
   0.9860
   0.9870
   0.9880
   0.9890
   0.9900
   0.9910
   0.9920
   0.9930
   0.9940
   0.9950
   0.9960
   0.9970
   0.9980
   0.9990
   1.0000
   1.0010
   1.0020
   1.0030
   1.0040
   1.0050
   1.0060
   1.0070
   1.0080
   1.0090
   1.0100
   1.0110
   1.0120
   1.0130
   1.0140
   1.0150
   1.0160
   1.0170
   1.0180
   1.0190
   1.0200
   1.0210
   1.0220
   1.0230
   1.0240
   1.0250
   1.0260
   1.0270
   1.0280
   1.0290
   1.0300
   1.0310
   1.0320
   1.0330
   1.0340
   1.0350
   1.0360
   1.0370
   1.0380
   1.0390
   1.0400
   1.0410
   1.0420
   1.0430
   1.0440
   1.0450
   1.0460
   1.0470
   1.0480
   1.0490
   1.0500
   1.0510
   1.0520
   1.0530
   1.0540
   1.0550
   1.0560
   1.0570
   1.0580
   1.0590
   1.0600
   1.0610
   1.0620
   1.0630
   1.0640
   1.0650
   1.0660
   1.0670
   1.0680
   1.0690
   1.0700
   1.0710
   1.0720
   1.0730
   1.0740
   1.0750
   1.0760
   1.0770
   1.0780
   1.0790
   1.0800
   1.0810
   1.0820
   1.0830
   1.0840
   1.0850
   1.0860
   1.0870
   1.0880
   1.0890
   1.0900
   1.0910
   1.0920
   1.0930
   1.0940
   1.0950
   1.0960
   1.0970
   1.0980
   1.0990
   1.1000
   1.1010
   1.1020
   1.1030
   1.1040
   1.1050
   1.1060
   1.1070
   1.1080
   1.1090
   1.1100
   1.1110
   1.1120
   1.1130
   1.1140
   1.1150
   1.1160
   1.1170
   1.1180
   1.1190
   1.1200
   1.1210
   1.1220
   1.1230
   1.1240
   1.1250
   1.1260
   1.1270
   1.1280
   1.1290
   1.1300
   1.1310
   1.1320
   1.1330
   1.1340
   1.1350
   1.1360
   1.1370
   1.1380
   1.1390
   1.1400
   1.1410
   1.1420
   1.1430
   1.1440
   1.1450
   1.1460
   1.1470
   1.1480
   1.1490
   1.1500
   1.1510
   1.1520
   1.1530
   1.1540
   1.1550
   1.1560
   1.1570
   1.1580
   1.1590
   1.1600
   1.1610
   1.1620
   1.1630
   1.1640
   1.1650
   1.1660
   1.1670
   1.1680
   1.1690
   1.1700
   1.1710
   1.1720
   1.1730
   1.1740
   1.1750
   1.1760
   1.1770
   1.1780
   1.1790
   1.1800
   1.1810
   1.1820
   1.1830
   1.1840
   1.1850
   1.1860
   1.1870
   1.1880
   1.1890
   1.1900
   1.1910
   1.1920
   1.1930
   1.1940
   1.1950
   1.1960
   1.1970
   1.1980
   1.1990
   1.2000
   1.2010
   1.2020
   1.2030
   1.2040
   1.2050
   1.2060
   1.2070
   1.2080
   1.2090
   1.2100
   1.2110
   1.2120
   1.2130
   1.2140
   1.2150
   1.2160
   1.2170
   1.2180
   1.2190
   1.2200
   1.2210
   1.2220
   1.2230
   1.2240
   1.2250
   1.2260
   1.2270
   1.2280
   1.2290
   1.2300
   1.2310
   1.2320
   1.2330
   1.2340
   1.2350
   1.2360
   1.2370
   1.2380
   1.2390
   1.2400
   1.2410
   1.2420
   1.2430
   1.2440
   1.2450
   1.2460
   1.2470
   1.2480
   1.2490
   1.2500
   1.2510
   1.2520
   1.2530
   1.2540
   1.2550
   1.2560
   1.2570
   1.2580
   1.2590
   1.2600
   1.2610
   1.2620
   1.2630
   1.2640
   1.2650
   1.2660
   1.2670
   1.2680
   1.2690
   1.2700
   1.2710
   1.2720
   1.2730
   1.2740
   1.2750
   1.2760
   1.2770
   1.2780
   1.2790
   1.2800
   1.2810
   1.2820
   1.2830
   1.2840
   1.2850
   1.2860
   1.2870
   1.2880
   1.2890
   1.2900
   1.2910
   1.2920
   1.2930
   1.2940
   1.2950
   1.2960
   1.2970
   1.2980
   1.2990
   1.3000
   1.3010
   1.3020
   1.3030
   1.3040
   1.3050
   1.3060
   1.3070
   1.3080
   1.3090
   1.3100
   1.3110
   1.3120
   1.3130
   1.3140
   1.3150
   1.3160
   1.3170
   1.3180
   1.3190
   1.3200
   1.3210
   1.3220
   1.3230
   1.3240
   1.3250
   1.3260
   1.3270
   1.3280
   1.3290
   1.3300
   1.3310
   1.3320
   1.3330
   1.3340
   1.3350
   1.3360
   1.3370
   1.3380
   1.3390
   1.3400
   1.3410
   1.3420
   1.3430
   1.3440
   1.3450
   1.3460
   1.3470
   1.3480
   1.3490
   1.3500
   1.3510
   1.3520
   1.3530
   1.3540
   1.3550
   1.3560
   1.3570
   1.3580
   1.3590
   1.3600
   1.3610
   1.3620
   1.3630
   1.3640
   1.3650
   1.3660
   1.3670
   1.3680
   1.3690
   1.3700
   1.3710
   1.3720
   1.3730
   1.3740
   1.3750
   1.3760
   1.3770
   1.3780
   1.3790
   1.3800
   1.3810
   1.3820
   1.3830
   1.3840
   1.3850
   1.3860
   1.3870
   1.3880
   1.3890
   1.3900
   1.3910
   1.3920
   1.3930
   1.3940
   1.3950
   1.3960
   1.3970
   1.3980
   1.3990
   1.4000
   1.4010
   1.4020
   1.4030
   1.4040
   1.4050
   1.4060
   1.4070
   1.4080
   1.4090
   1.4100
   1.4110
   1.4120
   1.4130
   1.4140
   1.4150
   1.4160
   1.4170
   1.4180
   1.4190
   1.4200
   1.4210
   1.4220
   1.4230
   1.4240
   1.4250
   1.4260
   1.4270
   1.4280
   1.4290
   1.4300
   1.4310
   1.4320
   1.4330
   1.4340
   1.4350
   1.4360
   1.4370
   1.4380
   1.4390
   1.4400
   1.4410
   1.4420
   1.4430
   1.4440
   1.4450
   1.4460
   1.4470
   1.4480
   1.4490
   1.4500
   1.4510
   1.4520
   1.4530
   1.4540
   1.4550
   1.4560
   1.4570
   1.4580
   1.4590
   1.4600
   1.4610
   1.4620
   1.4630
   1.4640
   1.4650
   1.4660
   1.4670
   1.4680
   1.4690
   1.4700
   1.4710
   1.4720
   1.4730
   1.4740
   1.4750
   1.4760
   1.4770
   1.4780
   1.4790
   1.4800
   1.4810
   1.4820
   1.4830
   1.4840
   1.4850
   1.4860
   1.4870
   1.4880
   1.4890
   1.4900
   1.4910
   1.4920
   1.4930
   1.4940
   1.4950
   1.4960
   1.4970
   1.4980
   1.4990
   1.5000
   1.5010
   1.5020
   1.5030
   1.5040
   1.5050
   1.5060
   1.5070
   1.5080
   1.5090
   1.5100
   1.5110
   1.5120
   1.5130
   1.5140
   1.5150
   1.5160
   1.5170
   1.5180
   1.5190
   1.5200
   1.5210
   1.5220
   1.5230
   1.5240
   1.5250
   1.5260
   1.5270
   1.5280
   1.5290
   1.5300
   1.5310
   1.5320
   1.5330
   1.5340
   1.5350
   1.5360
   1.5370
   1.5380
   1.5390
   1.5400
   1.5410
   1.5420
   1.5430
   1.5440
   1.5450
   1.5460
   1.5470
   1.5480
   1.5490
   1.5500
   1.5510
   1.5520
   1.5530
   1.5540
   1.5550
   1.5560
   1.5570
   1.5580
   1.5590
   1.5600
   1.5610
   1.5620
   1.5630
   1.5640
   1.5650
   1.5660
   1.5670
   1.5680
   1.5690
   1.5700
   1.5710
   1.5720
   1.5730
   1.5740
   1.5750
   1.5760
   1.5770
   1.5780
   1.5790
   1.5800
   1.5810
   1.5820
   1.5830
   1.5840
   1.5850
   1.5860
   1.5870
   1.5880
   1.5890
   1.5900
   1.5910
   1.5920
   1.5930
   1.5940
   1.5950
   1.5960
   1.5970
   1.5980
   1.5990
   1.6000
   1.6010
   1.6020
   1.6030
   1.6040
   1.6050
   1.6060
   1.6070
   1.6080
   1.6090
   1.6100
   1.6110
   1.6120
   1.6130
   1.6140
   1.6150
   1.6160
   1.6170
   1.6180
   1.6190
   1.6200
   1.6210
   1.6220
   1.6230
   1.6240
   1.6250
   1.6260
   1.6270
   1.6280
   1.6290
   1.6300
   1.6310
   1.6320
   1.6330
   1.6340
   1.6350
   1.6360
   1.6370
   1.6380
   1.6390
   1.6400
   1.6410
   1.6420
   1.6430
   1.6440
   1.6450
   1.6460
   1.6470
   1.6480
   1.6490
   1.6500
   1.6510
   1.6520
   1.6530
   1.6540
   1.6550
   1.6560
   1.6570
   1.6580
   1.6590
   1.6600
   1.6610
   1.6620
   1.6630
   1.6640
   1.6650
   1.6660
   1.6670
   1.6680
   1.6690
   1.6700
   1.6710
   1.6720
   1.6730
   1.6740
   1.6750
   1.6760
   1.6770
   1.6780
   1.6790
   1.6800
   1.6810
   1.6820
   1.6830
   1.6840
   1.6850
   1.6860
   1.6870
   1.6880
   1.6890
   1.6900
   1.6910
   1.6920
   1.6930
   1.6940
   1.6950
   1.6960
   1.6970
   1.6980
   1.6990
   1.7000
   1.7010
   1.7020
   1.7030
   1.7040
   1.7050
   1.7060
   1.7070
   1.7080
   1.7090
   1.7100
   1.7110
   1.7120
   1.7130
   1.7140
   1.7150
   1.7160
   1.7170
   1.7180
   1.7190
   1.7200
   1.7210
   1.7220
   1.7230
   1.7240
   1.7250
   1.7260
   1.7270
   1.7280
   1.7290
   1.7300
   1.7310
   1.7320
   1.7330
   1.7340
   1.7350
   1.7360
   1.7370
   1.7380
   1.7390
   1.7400
   1.7410
   1.7420
   1.7430
   1.7440
   1.7450
   1.7460
   1.7470
   1.7480
   1.7490
   1.7500
   1.7510
   1.7520
   1.7530
   1.7540
   1.7550
   1.7560
   1.7570
   1.7580
   1.7590
   1.7600
   1.7610
   1.7620
   1.7630
   1.7640
   1.7650
   1.7660
   1.7670
   1.7680
   1.7690
   1.7700
   1.7710
   1.7720
   1.7730
   1.7740
   1.7750
   1.7760
   1.7770
   1.7780
   1.7790
   1.7800
   1.7810
   1.7820
   1.7830
   1.7840
   1.7850
   1.7860
   1.7870
   1.7880
   1.7890
   1.7900
   1.7910
   1.7920
   1.7930
   1.7940
   1.7950
   1.7960
   1.7970
   1.7980
   1.7990
   1.8000
   1.8010
   1.8020
   1.8030
   1.8040
   1.8050
   1.8060
   1.8070
   1.8080
   1.8090
   1.8100
   1.8110
   1.8120
   1.8130
   1.8140
   1.8150
   1.8160
   1.8170
   1.8180
   1.8190
   1.8200
   1.8210
   1.8220
   1.8230
   1.8240
   1.8250
   1.8260
   1.8270
   1.8280
   1.8290
   1.8300
   1.8310
   1.8320
   1.8330
   1.8340
   1.8350
   1.8360
   1.8370
   1.8380
   1.8390
   1.8400
   1.8410
   1.8420
   1.8430
   1.8440
   1.8450
   1.8460
   1.8470
   1.8480
   1.8490
   1.8500
   1.8510
   1.8520
   1.8530
   1.8540
   1.8550
   1.8560
   1.8570
   1.8580
   1.8590
   1.8600
   1.8610
   1.8620
   1.8630
   1.8640
   1.8650
   1.8660
   1.8670
   1.8680
   1.8690
   1.8700
   1.8710
   1.8720
   1.8730
   1.8740
   1.8750
   1.8760
   1.8770
   1.8780
   1.8790
   1.8800
   1.8810
   1.8820
   1.8830
   1.8840
   1.8850
   1.8860
   1.8870
   1.8880
   1.8890
   1.8900
   1.8910
   1.8920
   1.8930
   1.8940
   1.8950
   1.8960
   1.8970
   1.8980
   1.8990
   1.9000
   1.9010
   1.9020
   1.9030
   1.9040
   1.9050
   1.9060
   1.9070
   1.9080
   1.9090
   1.9100
   1.9110
   1.9120
   1.9130
   1.9140
   1.9150
   1.9160
   1.9170
   1.9180
   1.9190
   1.9200
   1.9210
   1.9220
   1.9230
   1.9240
   1.9250
   1.9260
   1.9270
   1.9280
   1.9290
   1.9300
   1.9310
   1.9320
   1.9330
   1.9340
   1.9350
   1.9360
   1.9370
   1.9380
   1.9390
   1.9400
   1.9410
   1.9420
   1.9430
   1.9440
   1.9450
   1.9460
   1.9470
   1.9480
   1.9490
   1.9500
   1.9510
   1.9520
   1.9530
   1.9540
   1.9550
   1.9560
   1.9570
   1.9580
   1.9590
   1.9600
   1.9610
   1.9620
   1.9630
   1.9640
   1.9650
   1.9660
   1.9670
   1.9680
   1.9690
   1.9700
   1.9710
   1.9720
   1.9730
   1.9740
   1.9750
   1.9760
   1.9770
   1.9780
   1.9790
   1.9800
   1.9810
   1.9820
   1.9830
   1.9840
   1.9850
   1.9860
   1.9870
   1.9880
   1.9890
   1.9900
   1.9910
   1.9920
   1.9930
   1.9940
   1.9950
   1.9960
   1.9970
   1.9980
   1.9990
   2.0000
   2.0010
   2.0020
   2.0030
   2.0040
   2.0050
   2.0060
   2.0070
   2.0080
   2.0090
   2.0100
   2.0110
   2.0120
   2.0130
   2.0140
   2.0150
   2.0160
   2.0170
   2.0180
   2.0190
   2.0200
   2.0210
   2.0220
   2.0230
   2.0240
   2.0250
   2.0260
   2.0270
   2.0280
   2.0290
   2.0300
   2.0310
   2.0320
   2.0330
   2.0340
   2.0350
   2.0360
   2.0370
   2.0380
   2.0390
   2.0400
   2.0410
   2.0420
   2.0430
   2.0440
   2.0450
   2.0460
   2.0470
   2.0480
   2.0490
   2.0500
   2.0510
   2.0520
   2.0530
   2.0540
   2.0550
   2.0560
   2.0570
   2.0580
   2.0590
   2.0600
   2.0610
   2.0620
   2.0630
   2.0640
   2.0650
   2.0660
   2.0670
   2.0680
   2.0690
   2.0700
   2.0710
   2.0720
   2.0730
   2.0740
   2.0750
   2.0760
   2.0770
   2.0780
   2.0790
   2.0800
   2.0810
   2.0820
   2.0830
   2.0840
   2.0850
   2.0860
   2.0870
   2.0880
   2.0890
   2.0900
   2.0910
   2.0920
   2.0930
   2.0940
   2.0950
   2.0960
   2.0970
   2.0980
   2.0990

   15.3556
   15.4607
   15.0954
   14.8431
   14.7885
   14.7732
   14.4272
   14.4689
   14.4140
   14.2287
   14.0445
   13.9739
   13.9210
   13.6480
   13.6904
   13.4972
   13.4317
   13.3447
   13.1835
   12.9736
   12.9778
   12.8834
   12.7617
   12.6034
   12.5780
   12.3808
   12.3768
   12.4655
   12.2424
   12.0991
   12.1265
   11.9497
   11.7666
   11.7026
   11.7042
   11.6090
   11.6114
   11.4377
   11.3910
   11.2753
   11.2458
   11.1283
   11.1820
   11.0046
   10.9095
   10.9013
   10.8429
   10.7068
   10.5905
   10.6093
   10.5085
   10.4736
   10.4761
   10.4510
   10.3369
   10.2333
   10.1947
   10.0260
    9.9387
   10.0242
    9.9704
    9.7722
    9.8518
    9.7324
    9.7143
    9.6363
    9.5501
    9.5601
    9.5496
    9.4751
    9.3961
    9.3168
    9.3255
    9.2103
    9.2552
    9.1262
    9.0434
    9.0408
    8.9835
    9.0121
    8.9620
    8.9615
    8.8913
    8.7342
    8.7785
    8.6760
    8.6180
    8.5783
    8.5681
    8.5476
    8.5570
    8.4439
    8.4225
    8.3989
    8.3852
    8.3381
    8.3296
    8.3174
    8.2273
    8.1354
    8.1666
    8.0835
    8.1125
    8.0450
    7.9597
    8.0271
    7.9911
    7.9386
    7.8565
    7.8452
    7.8107
    7.8553
    7.8015
    7.6880
    7.7291
    7.7025
    7.5866
    7.6248
    7.6411
    7.5271
    7.5135
    7.4228
    7.4489
    7.4018
    7.3679
    7.2921
    7.3368
    7.4046
    7.3087
    7.2577
    7.2768
    7.1870
    7.2619
    7.1473
    7.1079
    7.1006
    7.0715
    7.0583
    7.0619
    6.9703
    6.9955
    6.9456
    6.8809
    6.9641
    6.9159
    6.8908
    6.8868
    6.8740
    6.8352
    6.8127
    6.7554
    6.7136
    6.6987
    6.6998
    6.6416
    6.6574
    6.6122
    6.5997
    6.5839
    6.5375
    6.5217
    6.5629
    6.5278
    6.5465
    6.4819
    6.5196
    6.4537
    6.4156
    6.4112
    6.3914
    6.4076
    6.3375
    6.3493
    6.3161
    6.3264
    6.2804
    6.2524
    6.2963
    6.2695
    6.2076
    6.2014
    6.1989
    6.1944
    6.1425
    6.1336
    6.1469
    6.0860
    6.0422
    6.0943
    6.0320
    6.0056
    6.0129
    6.0091
    6.0102
    6.0029
    5.9380
    5.9243
    5.9378
    5.9265
    5.8921
    5.8817
    5.8925
    5.9314
    5.8412
    5.7919
    5.8215
    5.7686
    5.8229
    5.7505
    5.7379
    5.7665
    5.6927
    5.7524
    5.6682
    5.7187
    5.7043
    5.6768
    5.6620
    5.6795
    5.6285
    5.6263
    5.5867
    5.5967
    5.5415
    5.5889
    5.5524
    5.5666
    5.5534
    5.5126
    5.5311
    5.5218
    5.4867
    5.4390
    5.4697
    5.4666
    5.4437
    5.3834
    5.4169
    5.3991
    5.4489
    5.3557
    5.3596
    5.3765
    5.3640
    5.3568
    5.3321
    5.3393
    5.2824
    5.3279
    5.3171
    5.3533
    5.2852
    5.2661
    5.2658
    5.2438
    5.2002
    5.2339
    5.2336
    5.2115
    5.1478
    5.1857
    5.1921
    5.1639
    5.1457
    5.1472
    5.2093
    5.1224
    5.1294
    5.1232
    5.0960
    5.0777
    5.0652
    5.0569
    5.0769
    5.0187
    5.0460
    5.0219
    4.9893
    5.0105
    5.0284
    5.0433
    4.9884
    4.9900
    4.9571
    4.9934
    4.9382
    4.9778
    4.9781
    4.9583
    4.9393
    4.9486
    4.9146
    4.9264
    4.9327
    4.8863
    4.9011
    4.8853
    4.8747
    4.8719
    4.8440
    4.8500
    4.8364
    4.8356
    4.8314
    4.8380
    4.8275
    4.7849
    4.8069
    4.7901
    4.7979
    4.8000
    4.8144
    4.7705
    4.7571
    4.7706
    4.7521
    4.7625
    4.7471
    4.7272
    4.7123
    4.6788
    4.6994
    4.6865
    4.7026
    4.7122
    4.6983
    4.7112
    4.6882
    4.6872
    4.6569
    4.6531
    4.6479
    4.6692
    4.6462
    4.6175
    4.6113
    4.6309
    4.6180
    4.6017
    4.6050
    4.5802
    4.5930
    4.5781
    4.5881
    4.5663
    4.5722
    4.5602
    4.5657
    4.5530
    4.5543
    4.5303
    4.5501
    4.5363
    4.5233
    4.5202
    4.5079
    4.5156
    4.5213
    4.4787
    4.4967
    4.5089
    4.4857
    4.4904
    4.4758
    4.4691
    4.4722
    4.4715
    4.4711
    4.4566
    4.4311
    4.4741
    4.4504
    4.4292
    4.4208
    4.4294
    4.4234
    4.4072
    4.4401
    4.4255
    4.4072
    4.4031
    4.4079
    4.3907
    4.3814
    4.3773
    4.3943
    4.3814
    4.3648
    4.3503
    4.3563
    4.3300
    4.3702
    4.3585
    4.3390
    4.3022
    4.3313
    4.3139
    4.3430
    4.3111
    4.3335
    4.3297
    4.3179
    4.3003
    4.3223
    4.3150
    4.3123
    4.2976
    4.3092
    4.2812
    4.3044
    4.2861
    4.2792
    4.2585
    4.2533
    4.2606
    4.2704
    4.2529
    4.2585
    4.2599
    4.2428
    4.2419
    4.2320
    4.2371
    4.2382
    4.2614
    4.2049
    4.2132
    4.2267
    4.2225
    4.2150
    4.2065
    4.2046
    4.1989
    4.2026
    4.2017
    4.1971
    4.1796
    4.1713
    4.1882
    4.1639
    4.1718
    4.1748
    4.1751
    4.1579
    4.1663
    4.1663
    4.1522
    4.1434
    4.1406
    4.1563
    4.1388
    4.1416
    4.1462
    4.1437
    4.1150
    4.1224
    4.1272
    4.1465
    4.1164
    4.1299
    4.1244
    4.1188
    4.1190
    4.1286
    4.1062
    4.0927
    4.0973
    4.0838
    4.1043
    4.1006
    4.0839
    4.0814
    4.0819
    4.0756
    4.0876
    4.0790
    4.0746
    4.0757
    4.0499
    4.0697
    4.0601
    4.0584
    4.0623
    4.0655
    4.0502
    4.0468
    4.0575
    4.0436
    4.0611
    4.0564
    4.0359
    4.0479
    4.0222
    4.0314
    4.0273
    4.0293
    4.0412
    4.0119
    4.0264
    4.0191
    3.9941
    4.0200
    3.9983
    4.0075
    4.0158
    4.0299
    3.9951
    4.0136
    4.0249
    3.9836
    4.0098
    3.9870
    3.9929
    3.9967
    3.9912
    3.9794
    3.9915
    3.9929
    3.9843
    3.9733
    3.9826
    3.9717
    3.9715
    3.9707
    3.9606
    3.9694
    3.9576
    3.9790
    3.9625
    3.9656
    3.9651
    3.9495
    3.9381
    3.9440
    3.9466
    3.9465
    3.9556
    3.9525
    3.9329
    3.9506
    3.9541
    3.9407
    3.9336
    3.9469
    3.9371
    3.9320
    3.9356
    3.9296
    3.9346
    3.9194
    3.9343
    3.9200
    3.9252
    3.9128
    3.9215
    3.9199
    3.9175
    3.9175
    3.9151
    3.9188
    3.9082
    3.9251
    3.9112
    3.9106
    3.9058
    3.9131
    3.9017
    3.8936
    3.9041
    3.9062
    3.9118
    3.8982
    3.8977
    3.9000
    3.8848
    3.8959
    3.8874
    3.8962
    3.8897
    3.8793
    3.8852
    3.8874
    3.8840
    3.8729
    3.8672
    3.8740
    3.8835
    3.8713
    3.8806
    3.8734
    3.8609
    3.8681
    3.8782
    3.8679
    3.8637
    3.8687
    3.8651
    3.8606
    3.8583
    3.8578
    3.8555
    3.8585
    3.8600
    3.8564
    3.8529
    3.8487
    3.8413
    3.8485
    3.8587
    3.8508
    3.8435
    3.8384
    3.8403
    3.8490
    3.8514
    3.8524
    3.8457
    3.8545
    3.8375
    3.8380
    3.8401
    3.8336
    3.8399
    3.8449
    3.8414
    3.8387
    3.8317
    3.8311
    3.8419
    3.8360
    3.8326
    3.8325
    3.8226
    3.8315
    3.8257
    3.8313
    3.8354
    3.8220
    3.8233
    3.8223
    3.8259
    3.8203
    3.8232
    3.8174
    3.8144
    3.8200
    3.8209
    3.8229
    3.8214
    3.8152
    3.8160
    3.8182
    3.8117
    3.8099
    3.8083
    3.8107
    3.8123
    3.8121
    3.8058
    3.8136
    3.8120
    3.8099
    3.8109
    3.8140
    3.8101
    3.7969
    3.8014
    3.8048
    3.8066
    3.8106
    3.8063
    3.8057
    3.8013
    3.8012
    3.8006
    3.7993
    3.7949
    3.8006
    3.7953
    3.7943
    3.7848
    3.7942
    3.7968
    3.7975
    3.7968
    3.7970
    3.7965
    3.7905
    3.7913
    3.7979
    3.7860
    3.7859
    3.7911
    3.7927
    3.7878
    3.7850
    3.7892
    3.7915
    3.7896
    3.7948
    3.7850
    3.7845
    3.7850
    3.7873
    3.7847
    3.7866
    3.7838
    3.7886
    3.7873
    3.7863
    3.7782
    3.7884
    3.7848
    3.7774
    3.7911
    3.7833
    3.7830
    3.7833
    3.7832
    3.7789
    3.7801
    3.7794
    3.7816
    3.7849
    3.7807
    3.7789
    3.7799
    3.7741
    3.7763
    3.7782
    3.7816
    3.7801
    3.7791
    3.7779
    3.7780
    3.7785
    3.7761
    3.7808
    3.7747
    3.7752
    3.7764
    3.7726
    3.7762
    3.7753
    3.7734
    3.7761
    3.7804
    3.7704
    3.7767
    3.7750
    3.7775
    3.7733
    3.7708
    3.7860
    3.7767
    3.7769
    3.7713
    3.7778
    3.7731
    3.7681
    3.7745
    3.7716
    3.7727
    3.7689
    3.7742
    3.7691
    3.7783
    3.7735
    3.7762
    3.7705
    3.7727
    3.7754
    3.7720
    3.7713
    3.7755
    3.7776
    3.7750
    3.7731
    3.7741
    3.7750
    3.7714
    3.7733
    3.7714
    3.7701
    3.7775
    3.7742
    3.7716
    3.7764
    3.7754
    3.7760
    3.7718
    3.7716
    3.7724
    3.7750
    3.7736
    3.7717
    3.7736
    3.7721
    3.7721
    3.7717
    3.7758
    3.7785
    3.7732
    3.7737
    3.7729
    3.7750
    3.7763
    3.7695
    3.7762
    3.7771
    3.7739
    3.7737
    3.7738
    3.7741
    3.7748
    3.7784
    3.7777
    3.7754
    3.7776
    3.7758
    3.7761
    3.7722
    3.7752
    3.7802
    3.7794
    3.7766
    3.7764
    3.7791
    3.7781
    3.7823
    3.7753
    3.7776
    3.7839
    3.7752
    3.7831
    3.7790
    3.7827
    3.7745
    3.7781
    3.7828
    3.7738
    3.7752
    3.7799
    3.7828
    3.7735
    3.7804
    3.7802
    3.7832
    3.7851
    3.7789
    3.7765
    3.7822
    3.7803
    3.7799
    3.7843
    3.7851
    3.7827
    3.7810
    3.7834
    3.7817
    3.7817
    3.7829
    3.7842
    3.7908
    3.7821
    3.7841
    3.7840
    3.7858
    3.7866
    3.7854
    3.7903
    3.7885
    3.7859
    3.7831
    3.7925
    3.7830
    3.7881
    3.7880
    3.7875
    3.7921
    3.7994
    3.7924
    3.7883
    3.7869
    3.7887
    3.7929
    3.7961
    3.7961
    3.7912
    3.7893
    3.7946
    3.7940
    3.7927
    3.8019
    3.7973
    3.7953
    3.8006
    3.7999
    3.7962
    3.8043
    3.7942
    3.7926
    3.8018
    3.7949
    3.7969
    3.7932
    3.8025
    3.8029
    3.8017
    3.8021
    3.8015
    3.7975
    3.7999
    3.7995
    3.8062
    3.8075
    3.8042
    3.8004
    3.8080
    3.8014
    3.8048
    3.8127
    3.8041
    3.8065
    3.8093
    3.8130
    3.8100
    3.8100
    3.8061
    3.8092
    3.8161
    3.8143
    3.8097
    3.8127
    3.8143
    3.8156
    3.8105
    3.8163
    3.8125
    3.8198
    3.8186
    3.8224
    3.8096
    3.8176
    3.8154
    3.8195
    3.8163
    3.8300
    3.8214
    3.8165
    3.8218
    3.8190
    3.8167
    3.8201
    3.8215
    3.8279
    3.8217
    3.8240
    3.8180
    3.8362
    3.8185
    3.8289
    3.8283
    3.8249
    3.8375
    3.8295
    3.8276
    3.8265
    3.8307
    3.8339
    3.8303
    3.8340
    3.8327
    3.8346
    3.8292
    3.8258
    3.8400
    3.8411
    3.8315
    3.8368
    3.8358
    3.8343
    3.8359
    3.8373
    3.8477
    3.8463
    3.8394
    3.8410
    3.8470
    3.8438
    3.8520
    3.8532
    3.8430
    3.8502
    3.8512
    3.8446
    3.8559
    3.8426
    3.8498
    3.8458
    3.8532
    3.8510
    3.8520
    3.8601
    3.8613
    3.8455
    3.8439
    3.8591
    3.8499
    3.8581
    3.8514
    3.8549
    3.8531
    3.8610
    3.8621
    3.8610
    3.8561
    3.8525
    3.8610
    3.8647
    3.8709
    3.8631
    3.8589
    3.8628
    3.8659
    3.8708
    3.8643
    3.8714
    3.8725
    3.8609
    3.8703
    3.8658
    3.8739
    3.8783
    3.8766
    3.8688
    3.8856
    3.8760
    3.8663
    3.8678
    3.8730
    3.8783
    3.8827
    3.8757
    3.8942
    3.8867
    3.8725
    3.8743
    3.8819
    3.8921
    3.8899
    3.8935
    3.8841
    3.8893
    3.8826
    3.8821
    3.8934
    3.8873
    3.8846
    3.8904
    3.8856
    3.8955
    3.8943
    3.8943
    3.8870
    3.9053
    3.8890
    3.8952
    3.9023
    3.8956
    3.9001
    3.8911
    3.8984
    3.8968
    3.9022
    3.9207
    3.9098
    3.8996
    3.8985
    3.9041
    3.8999
    3.9097
    3.9112
    3.9141
    3.9143
    3.9105
    3.9093
    3.9069
    3.9242
    3.9248
    3.9195
    3.9331
    3.9042
    3.9154
    3.9193
    3.9337
    3.9284
    3.9225
    3.9144
    3.9203
    3.9309
    3.9290
    3.9146
    3.9312
    3.9256
    3.9248
    3.9227
    3.9419
    3.9304
    3.9247
    3.9393
    3.9219
    3.9163
    3.9373
    3.9340
    3.9459
    3.9358
    3.9359
    3.9533
    3.9356
    3.9417
    3.9382
    3.9507
    3.9348
    3.9402
    3.9398
    3.9486
    3.9515
    3.9515
    3.9531
    3.9558
    3.9571
    3.9618
    3.9487
    3.9573
    3.9518
    3.9693
    3.9534
    3.9486
    3.9675
    3.9567
    3.9516
    3.9558
    3.9749
    3.9559
    3.9615
    3.9633
    3.9773
    3.9720
    3.9749
    3.9741
    3.9681
    3.9693
    3.9682
    3.9666
    3.9790
    3.9630
    3.9690
    3.9670
    3.9743
    3.9766
    3.9810
    3.9698
    3.9627
    3.9678
    3.9771
    3.9913
    3.9728
    3.9722
    3.9917
    3.9955
    3.9870
    3.9794
    3.9755
    3.9905
    3.9869
    3.9929
    4.0018
    4.0030
    3.9982
    3.9962
    3.9862
    4.0166
    4.0091
    4.0088
    3.9919
    4.0014
    3.9997
    4.0155
    4.0020
    4.0128
    4.0120
    4.0125
    4.0091
    4.0006
    4.0071
    4.0045
    4.0044
    4.0126
    4.0074
    4.0188
    4.0031
    4.0108
    4.0163
    4.0210
    4.0116
    4.0116
    4.0244
    4.0180
    4.0152
    4.0202
    4.0285
    4.0171
    4.0243
    4.0360
    4.0292
    4.0360
    4.0232
    4.0386
    4.0366
    4.0320
    4.0303
    4.0385
    4.0198
    4.0316
    4.0342
    4.0345
    4.0366
    4.0428
    4.0291
    4.0551
    4.0594
    4.0316
    4.0465
    4.0428
    4.0529
    4.0342
    4.0508
    4.0374
    4.0431
    4.0636
    4.0557
    4.0464
    4.0531
    4.0466
    4.0662
    4.0711
    4.0524
    4.0494
    4.0711
    4.0444
    4.0648
    4.0713
    4.0426
    4.0732
    4.0727
    4.0714
    4.0801
    4.0575
    4.0714
    4.0730
    4.0721
    4.0684
    4.0813
    4.0841
    4.0789
    4.0771
    4.0828
    4.0818
    4.0742
    4.0739
    4.0957
    4.0657
    4.0986
    4.0926
    4.0864
    4.0904
    4.0734
    4.0875
    4.0948
    4.1021
    4.0918
    4.0965
    4.0844
    4.1018
    4.0939
    4.1021
    4.1253
    4.1126
    4.1145
    4.1051
    4.0925
    4.1183
    4.1116
    4.1204
    4.1100
    4.1012
    4.1017
    4.0976
    4.1138
    4.1327
    4.1132
    4.1250
    4.1055
    4.1326
    4.1107
    4.1347
    4.1336
    4.1195
    4.1157
    4.1127
    4.1298
    4.1324
    4.1322
    4.1370
    4.1353
    4.1285
    4.1364
    4.1240
    4.1394
    4.1283
    4.1327
    4.1330
    4.1470
    4.1410
    4.1224
    4.1446
    4.1500
    4.1349
    4.1681
    4.1431
    4.1509
    4.1545
    4.1404
    4.1404
    4.1567
    4.1450
    4.1412
    4.1574
    4.1626
    4.1420
    4.1674
    4.1601
    4.1717
    4.1740
    4.1625
    4.1783
    4.1594
    4.1661
    4.1566
    4.1673
    4.1659
    4.1637
    4.1736
    4.1853
    4.1634
    4.1745
    4.1920
    4.1704
    4.1496
    4.1793
    4.1886
    4.1936
    4.1889
    4.1755
    4.1974
    4.1773
    4.1975
    4.1940
    4.2001
    4.1818
    4.1847
    4.1828
    4.2059
    4.1981
    4.1996
    4.1941
    4.2176
    4.1930
    4.1906
    4.2070
    4.2105
    4.1937
    4.2046
    4.2061
    4.2037
    4.2123
    4.2242
    4.2126
    4.2100
    4.2256
    4.2157
    4.2219
    4.2042
    4.2267
    4.2171
    4.2299
    4.2121
    4.2423
    4.2149
    4.2131
    4.2432
    4.2306
    4.2584
    4.2276
    4.2213
    4.2215
    4.2451
    4.2352
    4.2215
    4.2322
    4.2469
    4.2425
    4.2506
    4.2487
    4.2472
    4.2616
    4.2552
    4.2289
    4.2554
    4.2295
    4.2296
    4.2694
    4.2644
    4.2602
    4.2612
    4.2586
    4.2769
    4.2484
    4.2741
    4.2591
    4.2588
    4.2642
    4.2584
    4.2810
    4.2727
    4.2689
    4.2753
    4.2730
    4.2654
    4.2397
    4.2672
    4.2571
    4.2754
    4.2747
    4.2811
    4.2787
    4.2856
    4.2947
    4.2977
    4.2954
    4.2978
    4.2750
    4.2688
    4.3010
    4.2790
    4.3009
    4.3083
    4.2885
    4.3142
    4.3146
    4.2942
    4.3061
    4.3112
    4.2805
    4.2807
    4.2971
    4.2965
    4.3138
    4.2946
    4.3108
    4.3127
    4.3042
    4.3236
    4.3203
    4.3123
    4.3113
    4.3355
    4.3202
    4.3108
    4.2998
    4.3228
    4.3303
    4.2909
    4.3113
    4.3409
    4.3116
    4.3449
    4.3373
    4.3604
    4.3216
    4.3395
    4.3401
    4.3481
    4.3249
    4.3396
    4.3413
    4.3457
    4.3404
    4.3474
    4.3390
    4.3283
    4.3499
    4.3398
    4.3265
    4.3517
    4.3639
    4.3827
    4.3795
    4.3882
    4.3771
    4.3726
    4.3447
    4.3571
    4.3692
    4.3425
    4.3665
    4.3668
    4.3592
    4.3724
    4.3848
    4.3449
    4.3546
    4.3720
    4.3534
    4.4191
    4.3557
    4.3922
    4.3780
    4.3679
    4.3840
    4.3638
    4.4026
    4.4033
    4.4041
    4.3996
    4.3936
    4.3884
    4.4099
    4.3762
    4.3910
    4.3950
    4.3837
    4.3992
    4.4003
    4.4025
    4.4046
    4.4028
    4.4044
    4.4198
    4.3889
    4.4075
    4.3983
    4.4235
    4.4205
    4.4238
    4.4051
    4.4266
    4.3960
    4.3891
    4.4098
    4.4059
    4.4391
    4.4396
    4.4490
    4.4169
    4.4352
    4.4261
    4.4330
    4.4409
    4.4410
    4.4263
    4.4388
    4.4658
    4.4320
    4.4466
    4.4402
    4.4539
    4.4526
    4.4436
    4.4642
    4.4183
    4.4414
    4.4809
    4.4659
    4.4474
    4.4545
    4.4407
    4.4552
    4.4404
    4.4864
    4.4647
    4.4710
    4.4544
    4.4620
    4.4528
    4.4410
    4.4765
    4.4841
    4.4740
    4.4784
    4.4622
    4.4899
    4.4620
    4.5008
    4.4721
    4.4717
    4.4655
    4.4779
    4.4811
    4.4737
    4.4867
    4.4775
    4.4755
    4.5063
    4.4824
    4.4897
    4.5308
    4.5084
    4.5005
    4.5095
    4.5213
    4.4963
    4.5315
    4.5126
    4.5217
    4.5088
    4.5293
    4.4926
    4.5196
    4.5457
    4.5020
    4.4985
    4.5140
    4.4751
    4.5263
    4.5085
    4.5218
    4.5138
    4.5218
    4.5388
    4.5317
    4.5541
    4.5424
    4.5349
    4.5425
    4.5479
    4.5591
    4.5460
    4.5352
    4.5487
    4.5274
    4.5683
    4.5343
    4.5353
    4.5350
    4.5383
    4.5464
    4.5529
    4.5532
    4.5466
    4.5585
    4.5830
    4.5650
    4.5705
    4.5440
    4.5627
    4.5566
    4.5654
    4.5554
    4.5512
    4.5679
    4.5432
    4.5591
    4.5692
    4.5543
    4.6044
    4.5623
    4.5776
    4.5811
    4.5583
    4.5886
    4.6163
    4.5965
    4.5957
    4.5848
    4.5729
    4.5733
    4.6091
    4.5847
    4.6289
    4.5879
    4.5657
    4.6229
    4.5898
    4.6074
    4.6060
    4.5910
    4.5983
    4.6174
    4.6193
    4.5971
    4.6001
    4.6078
    4.6074
    4.6119
    4.6045
    4.6324
    4.6184
    4.6330
    4.6097
    4.6313
    4.6217
    4.6324
    4.5949
    4.6457
    4.6274
    4.6435
    4.6254
    4.6311
    4.6281
    4.6288
    4.6339
    4.6169
    4.6239
    4.6286
    4.6716
    4.6452
    4.6261
    4.6506
    4.6494
    4.6601
    4.6340
    4.6587
    4.6248
    4.6611
    4.6543
    4.6703
    4.6357
    4.6454
    4.6589
    4.6486
    4.6340
    4.6640
    4.6748
    4.6349
    4.6655
    4.6778
    4.6562
    4.7003
    4.6972
    4.6578
    4.6546
    4.6659
    4.7128
    4.6863
    4.7055
    4.6949
    4.6740
    4.6844
    4.6896
    4.7059
    4.6637
    4.7056
    4.6880
    4.6843
    4.7084
    4.6673
    4.6834
    4.6994
    4.7025
    4.7241
    4.6859
    4.6814
    4.6819
    4.7164
    4.7151
    4.7167
    4.7149
    4.6922
    4.7230
    4.7247
    4.7206
    4.7280
    4.7029
    4.7059
    4.7000
    4.7185
    4.6941
    4.6832
    4.7243
    4.7129
    4.7316
    4.7298
    4.7294
    4.7196
    4.7256
    4.7245
    4.7482
    4.7418
    4.7448
    4.7305
    4.7477
    4.7696
    4.7523
    4.7445
    4.7535
    4.7409
    4.7459
    4.7413
    4.7384
    4.7393
    4.7437
    4.7704
    4.7520
    4.7547
    4.7723
    4.7740
    4.7877
    4.7832
    4.7756
    4.7564
    4.7688
    4.7542
    4.7908
    4.7729
    4.8086
    4.7828
    4.7865
    4.7792
    4.7553
    4.7927
    4.7947
    4.7900
    4.7916
    4.7902
    4.7524
    4.8266
    4.7903
    4.8028
    4.8041
    4.8135
    4.8112
    4.8043
    4.8015
    4.8163
    4.8009
    4.8038
    4.8220
    4.8170
    4.8250
    4.8152
    4.8115
    4.7860
    4.8219
    4.8253
    4.8239
    4.8402
    4.8360
    4.8557
    4.8293
    4.8188
    4.8327
    4.8136
    4.8218
    4.8618
    4.8258
    4.8404
    4.8216
    4.8617
    4.8490
    4.8187
    4.8402
    4.8325
    4.8314
    4.8341
    4.8686
    4.8307
    4.8699
    4.8434
    4.8296
    4.8458
    4.8460
    4.8511
    4.8637
    4.8840
    4.8419
    4.8475
    4.8544
    4.8597
    4.9034
    4.8829
    4.8766
    4.8671
    4.8642
    4.8414
    4.8650
    4.8864
    4.8562
    4.8985
    4.8544
    4.8955
    4.8578
    4.9015
    4.8787
    4.8911
    4.9032
    4.8687
    4.8603
    4.9015
    4.8742
    4.8705
    4.8807
    4.8847
    4.8980
    4.9234
    4.9191
    4.9046
    4.9223
    4.8743
    4.8876
    4.9109
    4.8855
    4.9395
    4.8894
    4.9493
    4.9001
    4.8849
    4.9302
    4.9161
    4.9265
    4.9271
    4.9107
    4.9261
    4.8973
    4.9330
    4.9373
    4.9269
    4.9247
    4.9448
    4.9444
    4.9703
    4.9717
    4.9577
    4.9424
    4.9304
    4.9417
    4.9668
    4.9604
    4.9671
    4.9785
    4.9518
    4.9948
    4.9304
    4.9407
    4.9975
    4.9573
    4.9753
    4.9870
    4.9380
    4.9707
    4.9461
    4.9458
    4.9844
    4.9716
    4.9613
    4.9624
    4.9692
    4.9560
    4.9596
    4.9507
    4.9809
    5.0181
    5.0021
    4.9997
    4.9743
    5.0058
    5.0133
    5.0034
    4.9514
    4.9825
    4.9881
    4.9826
    4.9971
    4.9993
    4.9886
    5.0525
    5.0227
    5.0095
    4.9852
    5.0060
    4.9943
    4.9665
    5.0230
    5.0045
    5.0317
    4.9933
    5.0017
    5.0435
    5.0306

   71.6938
   74.7464
   70.3108
   66.5404
   65.3578
   66.4877
   62.4110
   63.5200
   62.0974
   60.6544
   59.3316
   58.5223
   56.9062
   53.6170
   55.3090
   53.5026
   52.7724
   53.1165
   51.1534
   49.4026
   49.0128
   48.7235
   47.6378
   46.4531
   47.0961
   45.4002
   44.1716
   44.7854
   43.8856
   41.6206
   41.8143
   41.8037
   40.3835
   38.9688
   39.3185
   39.7471
   39.3832
   38.2835
   36.9853
   35.6173
   36.5273
   34.9270
   35.0460
   34.3668
   33.2488
   33.5706
   34.3319
   31.9707
   31.3440
   31.2086
   30.7667
   30.1890
   30.5067
   30.5053
   30.2964
   28.3854
   28.6342
   27.0813
   26.7852
   27.2215
   27.1759
   25.7576
   26.6620
   25.5838
   25.9656
   24.7257
   24.1705
   24.5930
   24.6829
   24.2059
   23.9104
   23.5368
   23.1691
   21.8990
   22.7836
   21.5292
   21.0948
   21.8066
   20.9528
   21.4602
   21.2163
   21.2732
   20.5800
   19.5604
   19.9463
   19.4435
   19.0813
   18.8622
   19.1274
   18.6155
   18.4092
   18.3372
   17.7359
   17.7839
   17.8802
   17.1568
   17.2480
   17.4370
   16.9744
   16.2418
   16.3885
   15.9554
   16.1445
   15.9266
   15.4520
   15.7837
   15.6924
   15.1937
   14.7597
   14.7777
   14.4091
   14.9043
   14.6735
   14.2320
   14.2169
   14.2852
   13.2976
   13.5668
   13.7977
   13.5095
   13.0163
   12.7259
   12.8242
   12.9724
   12.4874
   12.1156
   12.3650
   12.7320
   12.7279
   12.0272
   11.9664
   11.8384
   11.9136
   11.3465
   11.4134
   11.3275
   11.2365
   11.3706
   11.3190
   10.7933
   11.0073
   10.5577
   10.1457
   10.6527
   10.7961
   10.6273
   10.3556
   10.4558
    9.8516
   10.0273
    9.8005
    9.3965
    9.6731
    9.6835
    9.3389
    9.2509
    9.1012
    9.3128
    8.9421
    8.8034
    8.6351
    9.0796
    8.7617
    8.8050
    8.6703
    8.7547
    8.6584
    8.3424
    8.3921
    7.9935
    8.5999
    8.0597
    8.0063
    7.9319
    8.1372
    7.8651
    7.7350
    7.9228
    7.7765
    7.4938
    7.5947
    7.5907
    7.5223
    7.2381
    7.2366
    7.4232
    7.0146
    6.8903
    7.0193
    6.7722
    6.9216
    6.9501
    6.7996
    6.6704
    6.7783
    6.3845
    6.4796
    6.5443
    6.5505
    6.3439
    6.3637
    6.4780
    6.4322
    6.2045
    6.0955
    6.1011
    5.9871
    6.2477
    5.8344
    5.8482
    6.0193
    5.5386
    5.7121
    5.7139
    5.6623
    5.6102
    5.5333
    5.5933
    5.5355
    5.4769
    5.5231
    5.3617
    5.3339
    5.1634
    5.1729
    5.1081
    5.1878
    5.2676
    5.0405
    5.1021
    5.0540
    4.8769
    4.8125
    4.8694
    4.7269
    4.8525
    4.4369
    4.6685
    4.5724
    4.8775
    4.5029
    4.5710
    4.5310
    4.4825
    4.3670
    4.4871
    4.4354
    4.3537
    4.3407
    4.3891
    4.4344
    4.3301
    4.1522
    4.0987
    4.0939
    3.9958
    4.1369
    4.0871
    4.0534
    3.7311
    3.9500
    3.9272
    3.7875
    3.8771
    3.8357
    4.0505
    3.7875
    3.7628
    3.7833
    3.5794
    3.5881
    3.6314
    3.4917
    3.5504
    3.4422
    3.6159
    3.4528
    3.3991
    3.3994
    3.4299
    3.4926
    3.3053
    3.2813
    3.2167
    3.3011
    3.2692
    3.2590
    3.2795
    3.1982
    3.1899
    3.2407
    3.1380
    3.1441
    3.1429
    3.0472
    3.0697
    2.9921
    2.9756
    3.0515
    2.9008
    2.8661
    2.8832
    2.8470
    2.8901
    2.9052
    2.8026
    2.7275
    2.7196
    2.7423
    2.7569
    2.7596
    2.8027
    2.6505
    2.6051
    2.6803
    2.6246
    2.6258
    2.6517
    2.5579
    2.5506
    2.4485
    2.4562
    2.4413
    2.4463
    2.5310
    2.4074
    2.4980
    2.4701
    2.3732
    2.3712
    2.3893
    2.2678
    2.3416
    2.3537
    2.2247
    2.2506
    2.2628
    2.2476
    2.2037
    2.1962
    2.1351
    2.1439
    2.1696
    2.1478
    2.1409
    2.1112
    2.0559
    2.0595
    2.1039
    2.0834
    2.0579
    2.0630
    2.0237
    1.9820
    1.9977
    2.0078
    2.0284
    1.9585
    1.9070
    1.9572
    1.9677
    1.8884
    1.9007
    1.8828
    1.7959
    1.8306
    1.8461
    1.8531
    1.8238
    1.7363
    1.8250
    1.7782
    1.7729
    1.7249
    1.7063
    1.7183
    1.7143
    1.7497
    1.7483
    1.6820
    1.6983
    1.6514
    1.6154
    1.5918
    1.5948
    1.6626
    1.5939
    1.5391
    1.5329
    1.5478
    1.5185
    1.5047
    1.5475
    1.4494
    1.4713
    1.4836
    1.5745
    1.5193
    1.4194
    1.5266
    1.5087
    1.4572
    1.4303
    1.4834
    1.4359
    1.4878
    1.3823
    1.4125
    1.3825
    1.5130
    1.3804
    1.3302
    1.2791
    1.3007
    1.3196
    1.2968
    1.3187
    1.2655
    1.2655
    1.2617
    1.2470
    1.2448
    1.2428
    1.2160
    1.2523
    1.1971
    1.2030
    1.2268
    1.2027
    1.2076
    1.1867
    1.1542
    1.1831
    1.1862
    1.1530
    1.1286
    1.1238
    1.1157
    1.1326
    1.0760
    1.1072
    1.0978
    1.1123
    1.0763
    1.0771
    1.0524
    1.0542
    1.0147
    1.0299
    1.0446
    1.0149
    1.0289
    1.0039
    1.0096
    0.9741
    0.9838
    1.0283
    1.0015
    1.4475
    0.9807
    0.9713
    1.0094
    0.9628
    0.9496
    0.9026
    0.9062
    0.9473
    0.8886
    0.8891
    0.9209
    0.8781
    0.8979
    0.8627
    0.8517
    0.8968
    0.9261
    0.8535
    0.8735
    0.8337
    0.8325
    0.8239
    0.8282
    0.8323
    0.8390
    0.8243
    0.8035
    0.8028
    0.7779
    0.8336
    0.8253
    0.7865
    0.7925
    0.7528
    0.7688
    0.7992
    0.7631
    0.7375
    0.7419
    0.7330
    0.7393
    0.6889
    0.7116
    0.7078
    0.7265
    0.7175
    0.7424
    0.7330
    0.7240
    0.7241
    0.6864
    0.6955
    0.7216
    0.6913
    0.6855
    0.6611
    0.6766
    0.6792
    0.6728
    0.6540
    0.6485
    0.6690
    0.6652
    0.6081
    0.6226
    0.6101
    0.6239
    0.6015
    0.6562
    0.6085
    0.5992
    0.6261
    0.5886
    0.5621
    0.5731
    0.5832
    0.6005
    0.5777
    0.5953
    0.5320
    0.6201
    0.5790
    0.5571
    0.5532
    0.5727
    0.5861
    0.5688
    0.5334
    0.5336
    0.5240
    0.5287
    0.5426
    0.5376
    0.5401
    0.5047
    0.5106
    0.5473
    0.5131
    0.5244
    0.5024
    0.5037
    0.4810
    0.5184
    0.5107
    0.4942
    0.4875
    0.4819
    0.4922
    0.4662
    0.4968
    0.4721
    0.5137
    0.4627
    0.4662
    0.4769
    0.4796
    0.4762
    0.4913
    0.4584
    0.4543
    0.4413
    0.4415
    0.4390
    0.4386
    0.4693
    0.4291
    0.4177
    0.4890
    0.4043
    0.4274
    0.4180
    0.3880
    0.4482
    0.4336
    0.4059
    0.4162
    0.4093
    0.4158
    0.3700
    0.3901
    0.3900
    0.4068
    0.3874
    0.4000
    0.3826
    0.3915
    0.3939
    0.3787
    0.3674
    0.3914
    0.3636
    0.3645
    0.3627
    0.3733
    0.4296
    0.4002
    0.3657
    0.3645
    0.3678
    0.3384
    0.3963
    0.3662
    0.3534
    0.3505
    0.3530
    0.3469
    0.3559
    0.3591
    0.3430
    0.3801
    0.4351
    0.3460
    0.3638
    0.3256
    0.3344
    0.3953
    0.3349
    0.3527
    0.3148
    0.3223
    0.3259
    0.3316
    0.3151
    0.3904
    0.3444
    0.3508
    0.2986
    0.3179
    0.3277
    0.3308
    0.3116
    0.3113
    0.3018
    0.3077
    0.3050
    0.3252
    0.3176
    0.3368
    0.3240
    0.2859
    0.2959
    0.3012
    0.3289
    0.3080
    0.3167
    0.3049
    0.2822
    0.2916
    0.3209
    0.2799
    0.2921
    0.3095
    0.3032
    0.3009
    0.3165
    0.2962
    0.2818
    0.2885
    0.2777
    0.2817
    0.2848
    0.2600
    0.3101
    0.2843
    0.3771
    0.4896
    0.3865
    0.2804
    0.2585
    0.2707
    0.2591
    0.2528
    0.2577
    0.2747
    0.2899
    0.2844
    0.2569
    0.2718
    0.2712
    0.2489
    0.2717
    0.2791
    0.2770
    0.2444
    0.2757
    0.2758
    0.2638
    0.2668
    0.2853
    0.2537
    0.2501
    0.2640
    0.2609
    0.2739
    0.2458
    0.2653
    0.2590
    0.2599
    0.3294
    0.2570
    0.2851
    0.2529
    0.2552
    0.2702
    0.3145
    0.2605
    0.2551
    0.2670
    0.2517
    0.2404
    0.3223
    0.3493
    0.2508
    0.2514
    0.3254
    0.2510
    0.2863
    0.2563
    0.2686
    0.2546
    0.2595
    0.2638
    0.2469
    0.2619
    0.2437
    0.2487
    0.2570
    2.2567
    0.2498
    0.2677
    0.2577
    0.2346
    0.2463
    0.2531
    1.7808
    0.2650
    0.2694
    0.2437
    0.2945
    0.2684
    0.2260
    0.2611
    0.2153
    0.2467
    0.2857
    0.2713
    0.2476
    0.2576
    0.2548
    0.2440
    0.2596
    0.2550
    0.2636
    0.2671
    0.2679
    0.2891
    0.2612
    0.3260
    0.2667
    0.2638
    0.2705
    0.2557
    0.2796
    0.2428
    0.2611
    0.2856
    0.2775
    0.5079
    0.2605
    0.3046
    0.2677
    0.2425
    0.2730
    0.2805
    0.2825
    0.2609
    0.2546
    0.2977
    0.2585
    0.2273
    0.2441
    0.2944
    0.2851
    0.2693
    0.2701
    0.2734
    0.4809
    0.2658
    0.2338
    0.2802
    0.2871
    0.2854
    0.2516
    0.2589
    0.3690
    0.2646
    0.2737
    0.3065
    0.2785
    0.2775
    0.3104
    0.2731
    0.2481
    0.3843
    0.3296
    0.2873
    0.2844
    0.2866
    0.8218
    0.2767
    0.2832
    0.2720
    0.2786
    0.3326
    0.2645
    0.3258
    0.2891
    0.3360
    0.3330
    0.3148
    0.3576
    0.2581
    0.2683
    0.2806
    0.2912
    0.2841
    0.2967
    0.2841
    0.2833
    0.3397
    0.2969
    0.2817
    0.3016
    0.2806
    0.2796
    0.3523
    0.3082
    0.2997
    0.2921
    0.2906
    0.2909
    0.2973
    0.3042
    0.2857
    0.2973
    0.3096
    0.2903
    0.3051
    0.3048
    0.2903
    0.3524
    0.3222
    0.3146
    0.3058
    0.2958
    0.3234
    0.3066
    0.3494
    0.3541
    0.3257
    0.3419
    0.4004
    0.3650
    0.3299
    0.3468
    0.3229
    0.3158
    0.3534
    0.3484
    0.3257
    0.3101
    0.3794
    0.3317
    0.3641
    0.3316
    0.3397
    0.3137
    0.3691
    0.4387
    0.3574
    0.4755
    0.3329
    0.3441
    0.3547
    0.3484
    0.3712
    0.3826
    0.3690
    0.3645
    0.3573
    0.3475
    0.3754
    0.3807
    0.3650
    0.3658
    0.3599
    0.3544
    0.3875
    0.3472
    0.3585
    0.3590
    0.3652
    0.5081
    0.3626
    0.4770
    0.3672
    0.3918
    0.3797
    0.4078
    0.3911
    0.3615
    0.4306
    0.3941
    0.3991
    0.4507
    0.4172
    0.3733
    0.3544
    0.4783
    0.3641
    0.3829
    0.3785
    0.4260
    0.4543
    0.4118
    0.3816
    0.4009
    0.3775
    0.4343
    0.4335
    0.4300
    0.3961
    0.3908
    0.3897
    0.3902
    0.4267
    0.3932
    0.4084
    0.3997
    0.4280
    0.4100
    0.4360
    0.4243
    0.4734
    0.4416
    0.4309
    0.4249
    0.4292
    0.4643
    0.4150
    0.4078
    0.4331
    0.4522
    0.4029
    0.5135
    0.4310
    0.4466
    0.4973
    0.4511
    0.4439
    0.4268
    0.4795
    0.4316
    0.4819
    0.4808
    0.7602
    0.4724
    0.4565
    0.4481
    0.4800
    0.4615
    0.4940
    0.5078
    0.4770
    0.6023
    0.5094
    0.4909
    0.5241
    0.4508
    0.5505
    0.4847
    0.5229
    0.4777
    0.5470
    0.5234
    0.5118
    0.4661
    0.4861
    0.4662
    0.4730
    0.4967
    0.5323
    0.5261
    0.4976
    0.4956
    0.5004
    0.4767
    0.5030
    0.5059
    0.5126
    0.5640
    0.5834
    0.5416
    0.5009
    0.6054
    0.5113
    0.5321
    0.4993
    0.6287
    0.6782
    0.5373
    0.6422
    0.7268
    0.5725
    0.5331
    0.5852
    0.5298
    0.5631
    0.5688
    0.6822
    0.6222
    0.7476
    0.5933
    0.6406
    0.5482
    0.5829
    0.6148
    0.5278
    0.5680
    0.5836
    0.6189
    0.5544
    0.5984
    0.5704
    0.5789
    0.5816
    0.6149
    0.5965
    0.5635
    0.6599
    0.5954
    0.6148
    0.6037
    0.5448
    0.6115
    0.5879
    0.6342
    0.6028
    0.5742
    0.6104
    0.6292
    0.6527
    0.6033
    0.5603
    0.6379
    0.6012
    0.6259
    0.7251
    0.6399
    0.6375
    0.6877
    0.8194
    0.6704
    0.6455
    0.6648
    0.6989
    0.6539
    0.6750
    0.6766
    0.6037
    0.6358
    0.6796
    0.6463
    0.6220
    0.6645
    0.6544
    0.6549
    0.7521
    0.6636
    0.6549
    0.7448
    0.7179
    0.6726
    0.6972
    0.7275
    0.6851
    0.6971
    0.6606
    0.7057
    0.6763
    0.6814
    0.7546
    0.7732
    0.6471
    0.7203
    0.7450
    0.7733
    0.6819
    0.7044
    1.6892
    0.7005
    0.7494
    0.7816
    0.7758
    0.7243
    0.7282
    0.7452
    0.7223
    0.7139
    0.7208
    0.7299
    1.1950
    0.8485
    0.7168
    0.7581
    0.7445
    1.0185
    0.7821
    0.7565
    0.7672
    0.7850
    0.7646
    0.7588
    0.8220
    0.7461
    0.8401
    0.8965
    0.8234
    1.8447
    0.7710
    0.7861
    0.7941
    0.8063
    0.7746
    0.7500
    0.7646
    0.7763
    0.8053
    0.8584
    0.8167
    0.8684
    0.8111
    0.8324
    0.8489
    0.8233
    0.7692
    0.8425
    0.8357
    0.8238
    0.8044
    0.8424
    0.8189
    0.8380
    0.8242
    0.8200
    0.8304
    0.9062
    0.8909
    0.8656
    0.8510
    0.8363
    0.8122
    0.8421
    0.8742
    0.8671
    0.9640
    0.8568
    0.8986
    0.8781
    0.8505
    0.8781
    0.8610
    1.0970
    0.9948
    0.9030
    0.9207
    0.8964
    0.8683
    0.8977
    0.9544
    0.8910
    0.8637
    0.9125
    0.8563
    0.8735
    0.9088
    0.9065
    0.8823
    1.0637
    0.9013
    0.8939
    0.9228
    0.9787
    0.9537
    0.9301
    0.9487
    0.9024
    1.0206
    0.9551
    0.9839
    0.9462
    1.0005
    0.9609
    0.9817
    0.9901
    0.9653
    0.9062
    0.9511
    0.9661
    1.0645
    0.9647
    0.9820
    0.9569
    1.0481
    0.9685
    1.0268
    0.9946
    1.0428
    1.0132
    1.0369
    0.9839
    0.9998
    1.0147
    1.0002
    1.0120
    1.0255
    1.0701
    1.0382
    1.0379
    0.9921
    1.0223
    0.9655
    1.0464
    1.0373
    0.9939
    1.0731
    1.0337
    1.0191
    1.1259
    1.0535
    1.0010
    1.0392
    1.0416
    1.0739
    1.0582
    1.0379
    1.0565
    1.1393
    1.1622
    1.0899
    1.1619
    1.0677
    1.0700
    1.0687
    1.0470
    1.1223
    1.0925
    1.1206
    1.1282
    1.0928
    1.0969
    1.1393
    1.0946
    1.2895
    1.1585
    1.1016
    1.2636
    1.1297
    1.0454
    1.1733
    1.1560
    1.2390
    1.1138
    1.1497
    1.1952
    1.1026
    1.1279
    1.1284
    1.2344
    1.2598
    1.1535
    1.1648
    1.1428
    1.1876
    1.1747
    1.1620
    1.2172
    1.2840
    1.1831
    1.1626
    1.1851
    1.2748
    1.1315
    1.2011
    1.2302
    1.2372
    1.1627
    1.2352
    1.1693
    1.1904
    1.2149
    1.2443
    1.1715
    1.1738
    1.1817
    1.3532
    1.2795
    1.2707
    1.2572
    1.2105
    1.2879
    1.2914
    1.2868
    1.2578
    1.2395
    1.2435
    1.2038
    1.2539
    1.2352
    1.2176
    1.2628
    1.3654
    1.2817
    1.3111
    1.3501
    1.3730
    1.2893
    1.2425
    1.2968
    1.2395
    1.2838
    1.3356
    1.2763
    1.3244
    1.3036
    1.4788
    1.2821
    1.2787
    1.2920
    1.3008
    1.3477
    1.4176
    1.2936
    1.3381
    1.2932
    1.3297
    1.3353
    1.3050
    1.3554
    1.3508
    1.3451
    1.3412
    1.3907
    1.3811
    1.5482
    1.3797
    1.3821
    1.3274
    1.3581
    1.3852
    1.3520
    1.3322
    1.5055
    1.4382
    1.3397
    1.4237
    1.3906
    1.4178
    1.3805
    1.4386
    1.4179
    1.4171
    1.4641
    1.4283
    1.4184
    1.4329
    1.4633
    1.4712
    1.3974
    1.4809
    1.5121
    1.4392
    1.4179
    1.4434
    1.4492
    1.4341
    1.4482
    1.4714
    1.4172
    1.4980
    1.4055
    1.5443
    1.5665
    1.4455
    1.4975
    1.5295
    1.4978
    1.4715
    1.4932
    1.4795
    1.5012
    1.4951
    1.4663
    1.5044
    1.5685
    1.9542
    1.4785
    1.5302
    1.4971
    1.6724
    1.5488
    1.5232
    1.5046
    1.4903
    1.5272
    1.5732
    1.4461
    1.5753
    1.6249
    1.5166
    1.5765
    1.5901
    1.5852
    1.5912
    1.5578
    1.7260
    1.5954
    1.5689
    1.6258
    1.5243
    1.5191
    1.5669
    1.5634
    1.8591
    1.5766
    1.6098
    1.6019
    1.7039
    1.6041
    1.6888
    1.6322
    1.6081
    1.7408
    1.6606
    1.6516
    1.6366
    1.6192
    1.7265
    1.6469
    1.6403
    1.6633
    1.6240
    1.6302
    1.6235
    1.6499
    1.6376
    1.7813
    1.6944
    1.6141
    1.6554
    1.5804
    1.7286
    1.8045
    1.8103
    1.8181
    1.7355
    1.6609
    1.6766
    1.7391
    1.6909
    1.7352
    1.7237
    1.6881
    1.7001
    1.7071
    1.7461
    1.7984
    2.2787
    1.7313
    1.8506
    1.6816
    1.7852
    1.6972
    1.8176
    1.7588
    1.7536
    1.8377
    1.7014
    1.7650
    1.7545
    1.7441
    1.8888
    1.7926
    1.8238
    1.8165
    1.7534
    1.8763
    1.8110
    1.8396
    1.8622
    1.8504
    1.8312
    1.8281
    1.8052
    1.8088
    1.8924
    1.7642
    1.8085
    1.8707
    1.8021
    1.9049
    1.8973
    1.9670
    1.8352
    1.8919
    1.8836
    1.8086
    1.9324
    1.8490
    1.8452
    1.8793
    1.9963
    2.0750
    1.9175
    1.8394
    1.8167
    2.0664
    1.8733
    1.9159
    2.0133
    1.9182
    1.9683
    1.9519
    1.9305
    1.8572
    1.9552
    1.9790
    1.9106
    1.9218
    1.9473
    1.9393
    1.9404
    2.1583
    1.8705
    1.9728
    2.1368
    2.0605
    1.9442
    1.9896
    2.0263
    1.9722
    2.0209
    1.9684
    1.9690
    1.9938
    2.0099
    1.9669
    1.9670
    2.0765
    1.9109
    2.1153
    2.1138
    2.0053
    2.0114
    1.9833
    2.0343
    2.1026
    2.0870
    2.0032
    2.0345
    2.1160
    2.0074
    2.0830
    2.1340
    2.0744
    2.2066
    2.0694
    2.1705
    2.1161
    2.0538
    2.1318
    2.0944
    2.1246
    2.1173
    2.1150
    2.1799
    2.1533
    2.1174
    2.1769
    2.1606
    2.1815
    2.0854
    2.1228
    2.1986
    2.1335
    2.2000
    2.2381
    2.2392
    2.0890
    2.1431
    2.1233
    2.2482
    2.2168
    2.1386
    2.1439
    2.2082
    2.4204
    2.2534
    2.3258
    2.2777
    2.1137
    2.2543
    2.2270
    2.3116
    2.4572
    2.1782
    2.1997
    2.1197
    2.2664
    2.2378
    2.2575
    2.1885
    2.2039
    2.2193
    2.2177
    2.1914
    2.2529
    2.4183
    2.2392
    2.2145
    2.2326
    2.3339
    2.2026
    2.2821
    2.2962
    2.2439
    2.3154
    2.3699
    2.3361
    2.3432
    2.2952
    2.3581
    2.2634
    2.4549
    2.3750
    2.2692
    2.3996
    2.3673
    2.2566
    2.2874
    2.4714
    2.2970
    2.3090
    2.3547
    2.3566
    2.5100
    2.3604
    2.3245
    2.3941
    2.3848
    2.4164
    2.3428
    2.4118
    2.3657
    2.3379
    2.3222
    2.4871
    2.4313
    2.3587
    2.3334
    2.3174
    2.4144
    2.3789
    2.4058
    2.3827
    2.5123
    2.4130
    2.5764
    2.4262
    2.4800
    2.4800
    2.7389
    2.4702
    2.5397
    2.4766
    2.3843
    2.3807
    2.4431
    2.4931
    2.5810
    2.5300
    2.4691
    2.5440
    2.4160
    2.4462
    2.4372
    2.4807
    2.4660
    2.6011
    2.4948
    2.5436
    2.5663
    2.5696
    2.5251
    2.6707
    2.5272
    2.5240
    2.5109
    2.5063
    2.5871
    2.4729
    2.7306
    2.5480
    2.8855
    2.5595
    2.5426
    2.5656
    2.5270
    2.5708
    2.6308
    2.6856
    2.6206
    2.5858
    2.5867
    2.5649
    2.6441
    2.6321
    2.7049
    2.5806
    2.6762
    2.7121
    2.6586
    2.6421
    2.6800
    2.7145
    2.6171
    2.6394
    2.6308
    2.6909
    2.7459
    2.6634
    2.6523
    2.6676
    2.6573
    2.8641
    2.8240
    2.6712
    2.6123
    2.7317
    2.8076
    2.7460
    2.6559
    2.8592
    2.7243
    2.7572
    2.7799
    2.8215
    2.6840
    2.7369
    2.8093
    2.7778
    2.8158
    2.7422
    2.7006
    2.7342
    2.7824
    2.8979
    2.7658
    2.8206
    2.9063
    2.8202
    2.6524
    2.8346
    2.9146
    2.7105
    2.8068
    2.8924
    2.6921
    2.7863
    2.8794
    2.8884
    2.8686
    2.8792
    2.8030
    2.8521
    2.9440
    2.8525
    3.0347
    2.9399
    2.9334
    2.9482
    2.8181
    2.9391
    2.8807
    2.9002
    3.0201
    2.8826
    2.8060
    2.8714
    2.8922
    2.9464
    2.8456
    2.9243
    3.1015
    2.8854
    2.8868
    3.0406
    2.9740
    2.8877
    2.9597
    2.9049
    3.0218
    3.0864
    2.9525
    2.9744
    2.9654
    2.9877
    2.9714
    2.9036
    3.0378
    3.0060
    3.0084
    3.0006
    2.8625
    3.0134
    3.0333
    2.9615
    2.9756
    2.9946
    3.0818
    3.0140
    3.0843
    3.0261
    3.0194
    3.0394
    3.1023
    3.1243
    3.0284
    2.9971
    3.0146
    3.0339
    3.1502
    3.0152
    3.1909
    2.9950
    3.1336
    3.1176
    3.1368
    3.0428
    3.1100
    3.0421
    3.0856
    3.0911
    3.2017
    3.2513
    3.0615
    3.1309
    3.0710
    3.0408
    3.1899
    2.9946
    3.1926
    3.3288
    3.1778
    3.1691
    3.0735
    3.2207
    3.2369
    3.1871
    3.4477
    3.1330
    3.1439
    3.1537
    3.2120
    3.1942
    3.3177
    3.2373
    3.3279
    3.2291
    3.2469
    3.2619
    3.1989
    3.2361
    3.2319
    3.2898
    3.2833
    3.2446
    3.3044
    3.2445
    3.3241
    3.2186
    3.4207
    3.2127
    3.2799
    3.3322
    3.2082
    3.2288
    3.2360
    3.4556
    3.2426
    3.3198
    3.3287
    3.3348
    3.3750
    3.4099
    3.3436
    3.3006
    3.2856
    3.6600
    3.3290
    3.3521
    3.3445
    3.3247
    3.3701
    3.3417
    3.4139
    3.4587
    3.3460
    3.3584
    3.3627
    3.4510
    3.6134
    3.3099
    3.3770
    3.3982
    3.4645
    3.3798
    3.4303
    3.3685
    3.4488
    3.4527
    3.3397
    3.7559
    3.4235
    3.5393
    3.4037
    3.4050
    3.7755
    3.3968
    3.4989
    3.5010
    3.3513
    3.5385
    3.5154
    3.4144
    3.4131
    3.4625
    3.4943
    3.4240
    3.6046
    3.5106
    3.5986
    3.4652
    3.9086
    3.4060
    3.4761
    3.4671
    3.5184
    3.3966
    3.5738
    3.5526
    3.6315
    3.7194
    3.4979
    3.5607
    3.4808
    3.6571
    3.5239
    3.6363
    3.7106
    3.7439
    3.6765
    3.7375
    3.7546
    3.5586
    3.7603
    3.7524
    3.6138
    3.7721
    3.6843
    3.5896

