   0.0100
   0.0199
   0.0298
   0.0397
   0.0496
   0.0595
   0.0694
   0.0793
   0.0892
   0.0991
   0.1090
   0.1189
   0.1288
   0.1387
   0.1486
   0.1585
   0.1684
   0.1783
   0.1882
   0.1981
   0.2080
   0.2179
   0.2278
   0.2377
   0.2476
   0.2575
   0.2674
   0.2773
   0.2872
   0.2971
   0.3070
   0.3169
   0.3268
   0.3367
   0.3466
   0.3565
   0.3664
   0.3763
   0.3862
   0.3961
   0.4060
   0.4159
   0.4258
   0.4357
   0.4456
   0.4555
   0.4654
   0.4753
   0.4852
   0.4951
   0.5050
   0.5149
   0.5248
   0.5347
   0.5446
   0.5545
   0.5644
   0.5743
   0.5842
   0.5941
   0.6040
   0.6139
   0.6238
   0.6337
   0.6436
   0.6535
   0.6634
   0.6733
   0.6832
   0.6931
   0.7030
   0.7129
   0.7228
   0.7327
   0.7426
   0.7525
   0.7624
   0.7723
   0.7822
   0.7921
   0.8020
   0.8119
   0.8218
   0.8317
   0.8416
   0.8515
   0.8614
   0.8713
   0.8812
   0.8911
   0.9010
   0.9109
   0.9208
   0.9307
   0.9406
   0.9505
   0.9604
   0.9703
   0.9802
   0.9901

   0.0143
   0.0285
   0.0416
   0.0556
   0.0699
   0.0825
   0.0951
   0.1090
   0.1240
   0.1370
   0.1512
   0.1643
   0.1776
   0.1916
   0.2029
   0.2179
   0.2284
   0.2440
   0.2579
   0.2703
   0.2851
   0.2980
   0.3122
   0.3261
   0.3370
   0.3527
   0.3654
   0.3789
   0.3897
   0.4052
   0.4216
   0.4329
   0.4460
   0.4584
   0.4746
   0.4823
   0.5006
   0.5125
   0.5275
   0.5379
   0.5489
   0.5668
   0.5781
   0.5899
   0.6052
   0.6191
   0.6294
   0.6475
   0.6597
   0.6769
   0.6867
   0.6977
   0.7132
   0.7288
   0.7393
   0.7529
   0.7631
   0.7804
   0.7984
   0.8079
   0.8213
   0.8380
   0.8463
   0.8637
   0.8753
   0.8906
   0.9022
   0.9162
   0.9306
   0.9402
   0.9592
   0.9705
   0.9888
   0.9954
   1.0055
   1.0219
   1.0373
   1.0493
   1.0651
   1.0752
   1.0881
   1.1070
   1.1177
   1.1296
   1.1419
   1.1553
   1.1729
   1.1811
   1.1979
   1.2168
   1.2297
   1.2423
   1.2558
   1.2684
   1.2758
   1.2925
   1.3045
   1.3230
   1.3294
   1.3470

   0.0164
   0.0328
   0.0504
   0.0674
   0.0832
   0.1008
   0.1193
   0.1364
   0.1521
   0.1692
   0.1857
   0.2027
   0.2205
   0.2366
   0.2565
   0.2727
   0.2927
   0.3070
   0.3225
   0.3403
   0.3583
   0.3757
   0.3903
   0.4072
   0.4271
   0.4412
   0.4595
   0.4754
   0.4964
   0.5108
   0.5249
   0.5445
   0.5607
   0.5790
   0.5915
   0.6147
   0.6279
   0.6455
   0.6617
   0.6811
   0.7016
   0.7122
   0.7325
   0.7512
   0.7650
   0.7821
   0.8003
   0.8137
   0.8323
   0.8451
   0.8657
   0.8848
   0.8987
   0.9141
   0.9335
   0.9482
   0.9705
   0.9826
   0.9944
   1.0158
   1.0314
   1.0455
   1.0676
   1.0816
   1.1013
   1.1127
   1.1336
   1.1480
   1.1642
   1.1844
   1.1949
   1.2142
   1.2276
   1.2470
   1.2718
   1.2849
   1.2989
   1.3158
   1.3321
   1.3525
   1.3694
   1.3781
   1.3987
   1.4164
   1.4343
   1.4522
   1.4629
   1.4879
   1.5003
   1.5089
   1.5270
   1.5441
   1.5642
   1.5780
   1.6018
   1.6162
   1.6339
   1.6448
   1.6698
   1.6819

   0.0690
   0.0940
   0.1130
   0.1282
   0.1456
   0.1604
   0.1702
   0.1818
   0.1929
   0.2043
   0.2137
   0.2240
   0.2326
   0.2421
   0.2492
   0.2563
   0.2636
   0.2727
   0.2824
   0.2901
   0.2938
   0.3014
   0.3103
   0.3171
   0.3227
   0.3307
   0.3360
   0.3437
   0.3480
   0.3545
   0.3608
   0.3657
   0.3732
   0.3782
   0.3867
   0.3911
   0.3955
   0.4019
   0.4065
   0.4122
   0.4158
   0.4238
   0.4273
   0.4319
   0.4383
   0.4427
   0.4499
   0.4532
   0.4576
   0.4629
   0.4674
   0.4722
   0.4779
   0.4818
   0.4868
   0.4936
   0.4954
   0.5011
   0.5060
   0.5097
   0.5156
   0.5192
   0.5232
   0.5264
   0.5294
   0.5378
   0.5393
   0.5456
   0.5492
   0.5538
   0.5587
   0.5623
   0.5647
   0.5734
   0.5721
   0.5768
   0.5816
   0.5869
   0.5889
   0.5923
   0.5967
   0.6032
   0.6060
   0.6100
   0.6140
   0.6164
   0.6222
   0.6227
   0.6273
   0.6339
   0.6365
   0.6407
   0.6407
   0.6481
   0.6506
   0.6533
   0.6571
   0.6614
   0.6637
   0.6677

