   0.0100
   0.0199
   0.0298
   0.0397
   0.0496
   0.0595
   0.0694
   0.0793
   0.0892
   0.0991
   0.1090
   0.1189
   0.1288
   0.1387
   0.1486
   0.1585
   0.1684
   0.1783
   0.1882
   0.1981
   0.2080
   0.2179
   0.2278
   0.2377
   0.2476
   0.2575
   0.2674
   0.2773
   0.2872
   0.2971
   0.3070
   0.3169
   0.3268
   0.3367
   0.3466
   0.3565
   0.3664
   0.3763
   0.3862
   0.3961
   0.4060
   0.4159
   0.4258
   0.4357
   0.4456
   0.4555
   0.4654
   0.4753
   0.4852
   0.4951
   0.5050
   0.5149
   0.5248
   0.5347
   0.5446
   0.5545
   0.5644
   0.5743
   0.5842
   0.5941
   0.6040
   0.6139
   0.6238
   0.6337
   0.6436
   0.6535
   0.6634
   0.6733
   0.6832
   0.6931
   0.7030
   0.7129
   0.7228
   0.7327
   0.7426
   0.7525
   0.7624
   0.7723
   0.7822
   0.7921
   0.8020
   0.8119
   0.8218
   0.8317
   0.8416
   0.8515
   0.8614
   0.8713
   0.8812
   0.8911
   0.9010
   0.9109
   0.9208
   0.9307
   0.9406
   0.9505
   0.9604
   0.9703
   0.9802
   0.9901

   0.0132
   0.0266
   0.0389
   0.0522
   0.0663
   0.0786
   0.0906
   0.1039
   0.1181
   0.1313
   0.1449
   0.1575
   0.1699
   0.1844
   0.1951
   0.2086
   0.2203
   0.2349
   0.2495
   0.2618
   0.2744
   0.2870
   0.3018
   0.3150
   0.3255
   0.3409
   0.3521
   0.3664
   0.3765
   0.3924
   0.4074
   0.4179
   0.4313
   0.4444
   0.4598
   0.4690
   0.4849
   0.4975
   0.5118
   0.5211
   0.5323
   0.5509
   0.5612
   0.5728
   0.5887
   0.6005
   0.6112
   0.6295
   0.6405
   0.6563
   0.6667
   0.6757
   0.6913
   0.7051
   0.7178
   0.7305
   0.7400
   0.7579
   0.7765
   0.7836
   0.7987
   0.8139
   0.8206
   0.8369
   0.8475
   0.8651
   0.8761
   0.8881
   0.9040
   0.9144
   0.9297
   0.9432
   0.9567
   0.9691
   0.9758
   0.9912
   1.0046
   1.0201
   1.0321
   1.0404
   1.0558
   1.0733
   1.0848
   1.0972
   1.1097
   1.1226
   1.1345
   1.1432
   1.1610
   1.1800
   1.1921
   1.2043
   1.2134
   1.2275
   1.2381
   1.2524
   1.2633
   1.2795
   1.2874
   1.3041

   0.0170
   0.0335
   0.0514
   0.0679
   0.0834
   0.1013
   0.1196
   0.1362
   0.1516
   0.1684
   0.1845
   0.2020
   0.2197
   0.2348
   0.2546
   0.2710
   0.2896
   0.3046
   0.3195
   0.3373
   0.3548
   0.3722
   0.3869
   0.4036
   0.4238
   0.4376
   0.4569
   0.4722
   0.4929
   0.5061
   0.5205
   0.5406
   0.5571
   0.5740
   0.5879
   0.6098
   0.6229
   0.6405
   0.6556
   0.6774
   0.6968
   0.7064
   0.7269
   0.7457
   0.7589
   0.7774
   0.7974
   0.8075
   0.8270
   0.8403
   0.8607
   0.8829
   0.8964
   0.9123
   0.9297
   0.9471
   0.9686
   0.9792
   0.9889
   1.0134
   1.0277
   1.0418
   1.0669
   1.0797
   1.0997
   1.1107
   1.1303
   1.1485
   1.1617
   1.1821
   1.1960
   1.2123
   1.2287
   1.2465
   1.2716
   1.2853
   1.3018
   1.3156
   1.3338
   1.3568
   1.3707
   1.3818
   1.4008
   1.4185
   1.4361
   1.4532
   1.4716
   1.4941
   1.5049
   1.5141
   1.5321
   1.5501
   1.5722
   1.5877
   1.6079
   1.6231
   1.6428
   1.6556
   1.6791
   1.6914

   0.0764
   0.1059
   0.1279
   0.1465
   0.1672
   0.1852
   0.1949
   0.2097
   0.2225
   0.2363
   0.2473
   0.2594
   0.2687
   0.2810
   0.2883
   0.2961
   0.3054
   0.3137
   0.3256
   0.3348
   0.3395
   0.3482
   0.3574
   0.3657
   0.3719
   0.3818
   0.3868
   0.3946
   0.3996
   0.4071
   0.4143
   0.4197
   0.4271
   0.4335
   0.4431
   0.4482
   0.4529
   0.4593
   0.4663
   0.4717
   0.4746
   0.4845
   0.4876
   0.4926
   0.4995
   0.5047
   0.5110
   0.5156
   0.5219
   0.5276
   0.5317
   0.5348
   0.5418
   0.5456
   0.5517
   0.5587
   0.5604
   0.5680
   0.5739
   0.5765
   0.5837
   0.5883
   0.5899
   0.5945
   0.5982
   0.6063
   0.6093
   0.6157
   0.6178
   0.6231
   0.6282
   0.6331
   0.6345
   0.6444
   0.6433
   0.6477
   0.6518
   0.6587
   0.6597
   0.6657
   0.6692
   0.6758
   0.6800
   0.6837
   0.6878
   0.6908
   0.6955
   0.6966
   0.7011
   0.7082
   0.7103
   0.7165
   0.7152
   0.7231
   0.7258
   0.7281
   0.7322
   0.7371
   0.7383
   0.7416

