   0.0100
   0.0210
   0.0320
   0.0430
   0.0540
   0.0650
   0.0760
   0.0870
   0.0980
   0.1090
   0.1200
   0.1310
   0.1420
   0.1530
   0.1640
   0.1750
   0.1860
   0.1970
   0.2080
   0.2190
   0.2300
   0.2410
   0.2520
   0.2630
   0.2740
   0.2850
   0.2960
   0.3070
   0.3180
   0.3290
   0.3400
   0.3510
   0.3620
   0.3730
   0.3840
   0.3950
   0.4060
   0.4170
   0.4280
   0.4390
   0.4500
   0.4610
   0.4720
   0.4830
   0.4940
   0.5050
   0.5160
   0.5270
   0.5380
   0.5490
   0.5600
   0.5710
   0.5820
   0.5930
   0.6040
   0.6150
   0.6260
   0.6370
   0.6480
   0.6590
   0.6700
   0.6810
   0.6920
   0.7030
   0.7140
   0.7250
   0.7360
   0.7470
   0.7580
   0.7690
   0.7800
   0.7910
   0.8020
   0.8130
   0.8240
   0.8350
   0.8460
   0.8570
   0.8680
   0.8790
   0.8900
   0.9010
   0.9120
   0.9230
   0.9340
   0.9450
   0.9560
   0.9670
   0.9780
   0.9890
   1.0000
   1.0110
   1.0220
   1.0330
   1.0440
   1.0550
   1.0660
   1.0770
   1.0880
   1.0990

   0.0128
   0.0266
   0.0409
   0.0554
   0.0696
   0.0830
   0.0986
   0.1103
   0.1255
   0.1405
   0.1548
   0.1676
   0.1807
   0.1967
   0.2105
   0.2252
   0.2382
   0.2497
   0.2679
   0.2841
   0.2961
   0.3065
   0.3250
   0.3369
   0.3504
   0.3680
   0.3794
   0.3868
   0.4088
   0.4219
   0.4327
   0.4537
   0.4654
   0.4803
   0.4919
   0.5030
   0.5213
   0.5330
   0.5483
   0.5657
   0.5760
   0.5929
   0.6008
   0.6178
   0.6382
   0.6408
   0.6621
   0.6744
   0.6939
   0.7053
   0.7237
   0.7307
   0.7471
   0.7553
   0.7724
   0.7917
   0.7985
   0.8176
   0.8373
   0.8418
   0.8621
   0.8761
   0.8884
   0.9101
   0.9187
   0.9307
   0.9480
   0.9593
   0.9640
   0.9838
   0.9967
   1.0092
   1.0151
   1.0455
   1.0549
   1.0827
   1.0919
   1.1000
   1.1137
   1.1189
   1.1524
   1.1490
   1.1687
   1.1882
   1.1942
   1.2140
   1.2299
   1.2428
   1.2661
   1.2718
   1.2829
   1.3064
   1.3231
   1.3252
   1.3286
   1.3511
   1.3663
   1.3709
   1.3976
   1.4263

   0.0176
   0.0374
   0.0563
   0.0750
   0.0943
   0.1145
   0.1319
   0.1544
   0.1722
   0.1903
   0.2092
   0.2304
   0.2511
   0.2677
   0.2874
   0.3060
   0.3268
   0.3497
   0.3634
   0.3798
   0.4019
   0.4263
   0.4396
   0.4620
   0.4821
   0.4966
   0.5196
   0.5480
   0.5565
   0.5773
   0.6010
   0.6110
   0.6336
   0.6517
   0.6744
   0.6979
   0.7115
   0.7341
   0.7518
   0.7665
   0.7910
   0.8065
   0.8343
   0.8496
   0.8604
   0.8953
   0.9048
   0.9265
   0.9385
   0.9615
   0.9749
   1.0039
   1.0201
   1.0475
   1.0627
   1.0748
   1.1042
   1.1166
   1.1283
   1.1607
   1.1716
   1.1910
   1.2128
   1.2217
   1.2485
   1.2707
   1.2856
   1.3088
   1.3409
   1.3524
   1.3734
   1.3950
   1.4255
   1.4224
   1.4481
   1.4487
   1.4747
   1.5022
   1.5222
   1.5536
   1.5464
   1.5896
   1.6013
   1.6132
   1.6436
   1.6552
   1.6720
   1.6930
   1.6997
   1.7305
   1.7538
   1.7603
   1.7761
   1.8118
   1.8457
   1.8536
   1.8714
   1.9036
   1.9057
   1.9050

   0.0738
   0.1058
   0.1316
   0.1524
   0.1718
   0.1868
   0.2051
   0.2160
   0.2298
   0.2455
   0.2543
   0.2657
   0.2777
   0.2881
   0.2991
   0.3067
   0.3173
   0.3257
   0.3357
   0.3475
   0.3525
   0.3626
   0.3690
   0.3764
   0.3860
   0.3978
   0.4009
   0.4054
   0.4199
   0.4218
   0.4264
   0.4378
   0.4433
   0.4490
   0.4598
   0.4641
   0.4710
   0.4806
   0.4845
   0.4904
   0.4955
   0.5020
   0.5058
   0.5131
   0.5185
   0.5236
   0.5291
   0.5374
   0.5441
   0.5474
   0.5553
   0.5536
   0.5634
   0.5650
   0.5769
   0.5789
   0.5831
   0.5888
   0.5964
   0.5991
   0.6043
   0.6060
   0.6164
   0.6202
   0.6231
   0.6258
   0.6340
   0.6373
   0.6382
   0.6447
   0.6510
   0.6536
   0.6604
   0.6667
   0.6699
   0.6776
   0.6793
   0.6827
   0.6876
   0.6894
   0.6958
   0.7012
   0.6987
   0.7069
   0.7098
   0.7206
   0.7236
   0.7250
   0.7331
   0.7362
   0.7397
   0.7471
   0.7526
   0.7521
   0.7525
   0.7539
   0.7635
   0.7604
   0.7741
   0.7773

