   0.1000
   0.1009
   0.1017
   0.1026
   0.1034
   0.1043
   0.1051
   0.1060
   0.1068
   0.1077
   0.1085
   0.1094
   0.1102
   0.1111
   0.1119
   0.1128
   0.1136
   0.1145
   0.1153
   0.1162
   0.1170
   0.1179
   0.1187
   0.1196
   0.1204
   0.1213
   0.1221
   0.1230
   0.1238
   0.1247
   0.1255
   0.1264
   0.1272
   0.1281
   0.1289
   0.1298
   0.1306
   0.1315
   0.1323
   0.1332
   0.1340
   0.1348
   0.1357
   0.1365
   0.1374
   0.1382
   0.1391
   0.1399
   0.1408
   0.1416
   0.1425
   0.1433
   0.1442
   0.1450
   0.1459
   0.1467
   0.1476
   0.1484
   0.1493
   0.1501
   0.1510
   0.1518
   0.1527
   0.1535
   0.1544
   0.1552
   0.1561
   0.1569
   0.1578
   0.1586
   0.1595
   0.1603
   0.1612
   0.1620
   0.1629
   0.1637
   0.1646
   0.1654
   0.1663
   0.1671
   0.1680
   0.1688
   0.1697
   0.1705
   0.1714
   0.1722
   0.1731
   0.1739
   0.1748
   0.1756
   0.1765
   0.1773
   0.1782
   0.1790
   0.1799
   0.1807
   0.1816
   0.1824
   0.1833
   0.1841
   0.1850
   0.1858
   0.1867
   0.1875
   0.1884
   0.1892
   0.1901
   0.1909
   0.1918
   0.1926
   0.1935
   0.1943
   0.1952
   0.1960
   0.1969
   0.1977
   0.1986
   0.1994
   0.2003
   0.2011
   0.2020
   0.2028
   0.2037
   0.2045
   0.2054
   0.2062
   0.2071
   0.2079
   0.2088
   0.2096
   0.2105
   0.2113
   0.2122
   0.2130
   0.2139
   0.2147
   0.2156
   0.2164
   0.2173
   0.2181
   0.2190
   0.2198
   0.2207
   0.2215
   0.2224
   0.2232
   0.2241
   0.2249
   0.2258
   0.2266
   0.2275
   0.2283
   0.2292
   0.2300
   0.2309
   0.2317
   0.2326
   0.2334
   0.2343
   0.2351
   0.2360
   0.2368
   0.2377
   0.2385
   0.2394
   0.2402
   0.2411
   0.2419
   0.2428
   0.2436
   0.2445
   0.2453
   0.2462
   0.2470
   0.2479
   0.2487
   0.2496
   0.2504
   0.2513
   0.2521
   0.2530
   0.2538
   0.2547
   0.2555
   0.2564
   0.2572
   0.2581
   0.2589
   0.2598
   0.2606
   0.2615
   0.2623
   0.2632
   0.2640
   0.2649
   0.2657
   0.2666
   0.2674
   0.2683
   0.2691
   0.2700
   0.2708
   0.2717
   0.2725
   0.2734
   0.2742
   0.2751
   0.2759
   0.2768
   0.2776
   0.2785
   0.2793
   0.2802
   0.2810
   0.2819
   0.2827
   0.2836
   0.2844
   0.2853
   0.2861
   0.2870
   0.2878
   0.2887
   0.2895
   0.2904
   0.2912
   0.2921
   0.2929
   0.2938
   0.2946
   0.2955
   0.2963
   0.2972
   0.2980
   0.2989
   0.2997
   0.3006
   0.3014
   0.3023
   0.3031
   0.3040
   0.3048
   0.3057
   0.3065
   0.3074
   0.3082
   0.3091
   0.3099
   0.3108
   0.3116
   0.3125
   0.3133
   0.3142
   0.3150
   0.3159
   0.3167
   0.3176
   0.3185
   0.3193
   0.3202
   0.3210
   0.3219
   0.3227
   0.3236
   0.3244
   0.3253
   0.3261
   0.3270
   0.3278
   0.3287
   0.3295
   0.3304
   0.3312
   0.3321
   0.3329
   0.3338
   0.3346
   0.3355
   0.3363
   0.3372
   0.3380
   0.3389
   0.3397
   0.3406
   0.3414
   0.3423
   0.3431
   0.3440
   0.3448
   0.3457
   0.3465
   0.3474
   0.3482
   0.3491
   0.3499
   0.3508
   0.3516
   0.3525
   0.3533
   0.3542
   0.3550
   0.3559
   0.3567
   0.3576
   0.3584
   0.3593
   0.3601
   0.3610
   0.3618
   0.3627
   0.3635
   0.3644
   0.3652
   0.3661
   0.3669
   0.3678
   0.3686
   0.3695
   0.3703
   0.3712
   0.3720
   0.3729
   0.3737
   0.3746
   0.3754
   0.3763
   0.3771
   0.3780
   0.3788
   0.3797
   0.3805
   0.3814
   0.3822
   0.3831
   0.3839
   0.3848
   0.3856
   0.3865
   0.3873
   0.3882
   0.3890
   0.3899
   0.3907
   0.3916
   0.3924
   0.3933
   0.3941
   0.3950
   0.3958
   0.3967
   0.3975
   0.3984
   0.3992
   0.4001
   0.4009
   0.4018
   0.4026
   0.4035
   0.4043
   0.4052
   0.4060
   0.4069
   0.4077
   0.4086
   0.4094
   0.4103
   0.4111
   0.4120
   0.4128
   0.4137
   0.4145
   0.4154
   0.4162
   0.4171
   0.4179
   0.4188
   0.4196
   0.4205
   0.4213
   0.4222
   0.4230
   0.4239
   0.4247
   0.4256
   0.4264
   0.4273
   0.4281
   0.4290
   0.4298
   0.4307
   0.4315
   0.4324
   0.4332
   0.4341
   0.4349
   0.4358
   0.4366
   0.4375
   0.4383
   0.4392
   0.4400
   0.4409
   0.4417
   0.4426
   0.4434
   0.4443
   0.4451
   0.4460
   0.4468
   0.4477
   0.4485
   0.4494
   0.4502
   0.4511
   0.4519
   0.4528
   0.4536
   0.4545
   0.4553
   0.4562
   0.4570
   0.4579
   0.4587
   0.4596
   0.4604
   0.4613
   0.4621
   0.4630
   0.4638
   0.4647
   0.4655
   0.4664
   0.4672
   0.4681
   0.4689
   0.4698
   0.4706
   0.4715
   0.4723
   0.4732
   0.4740
   0.4749
   0.4757
   0.4766
   0.4774
   0.4783
   0.4791
   0.4800
   0.4808
   0.4817
   0.4825
   0.4834
   0.4842
   0.4851
   0.4859
   0.4868
   0.4876
   0.4885
   0.4893
   0.4902
   0.4910
   0.4919
   0.4927
   0.4936
   0.4944
   0.4953
   0.4961
   0.4970
   0.4978
   0.4987
   0.4995
   0.5004
   0.5012
   0.5021
   0.5029
   0.5038
   0.5046
   0.5055
   0.5063
   0.5072
   0.5080
   0.5089
   0.5097
   0.5106
   0.5114
   0.5123
   0.5131
   0.5140
   0.5148
   0.5157
   0.5165
   0.5174
   0.5182
   0.5191
   0.5199
   0.5208
   0.5216
   0.5225
   0.5233
   0.5242
   0.5250
   0.5259
   0.5267
   0.5276
   0.5284
   0.5293
   0.5301
   0.5310
   0.5318
   0.5327
   0.5335
   0.5344
   0.5352
   0.5361
   0.5369
   0.5378
   0.5386
   0.5395
   0.5403
   0.5412
   0.5420
   0.5429
   0.5437
   0.5446
   0.5454
   0.5463
   0.5471
   0.5480
   0.5488
   0.5497
   0.5505
   0.5514
   0.5522
   0.5531
   0.5539
   0.5548
   0.5556
   0.5565
   0.5573
   0.5582
   0.5590
   0.5599
   0.5607
   0.5616
   0.5624
   0.5633
   0.5641
   0.5650
   0.5658
   0.5667
   0.5675
   0.5684
   0.5692
   0.5701
   0.5709
   0.5718
   0.5726
   0.5735
   0.5743
   0.5752
   0.5760
   0.5769
   0.5777
   0.5786
   0.5794
   0.5803
   0.5811
   0.5820
   0.5828
   0.5837
   0.5845
   0.5854
   0.5862
   0.5871
   0.5879
   0.5888
   0.5896
   0.5905
   0.5913
   0.5922
   0.5930
   0.5939
   0.5947
   0.5956
   0.5964
   0.5973
   0.5981
   0.5990
   0.5998
   0.6007
   0.6015
   0.6024
   0.6032
   0.6041
   0.6049
   0.6058
   0.6066
   0.6075
   0.6083
   0.6092
   0.6100
   0.6109
   0.6117
   0.6126
   0.6134
   0.6143
   0.6151
   0.6160
   0.6168
   0.6177
   0.6185
   0.6194
   0.6202
   0.6211
   0.6219
   0.6228
   0.6236
   0.6245
   0.6253
   0.6262
   0.6270
   0.6279
   0.6287
   0.6296
   0.6304
   0.6313
   0.6321
   0.6330
   0.6338
   0.6347
   0.6355
   0.6364
   0.6372
   0.6381
   0.6389
   0.6398
   0.6406
   0.6415
   0.6423
   0.6432
   0.6440
   0.6449
   0.6457
   0.6466
   0.6474
   0.6483
   0.6491
   0.6500
   0.6508
   0.6517
   0.6525
   0.6534
   0.6542
   0.6551
   0.6559
   0.6568
   0.6576
   0.6585
   0.6593
   0.6602
   0.6610
   0.6619
   0.6627
   0.6636
   0.6644
   0.6653
   0.6661
   0.6670
   0.6678
   0.6687
   0.6695
   0.6704
   0.6712
   0.6721
   0.6729
   0.6738
   0.6746
   0.6755
   0.6763
   0.6772
   0.6780
   0.6789
   0.6797
   0.6806
   0.6814
   0.6823
   0.6831
   0.6840
   0.6848
   0.6857
   0.6865
   0.6874
   0.6882
   0.6891
   0.6899
   0.6908
   0.6916
   0.6925
   0.6933
   0.6942
   0.6950
   0.6959
   0.6967
   0.6976
   0.6984
   0.6993
   0.7001
   0.7010
   0.7018
   0.7027
   0.7035
   0.7044
   0.7052
   0.7061
   0.7069
   0.7078
   0.7086
   0.7095
   0.7103
   0.7112
   0.7120
   0.7129
   0.7137
   0.7146
   0.7154
   0.7163
   0.7171
   0.7180
   0.7188
   0.7197
   0.7205
   0.7214
   0.7222
   0.7231
   0.7239
   0.7248
   0.7256
   0.7265
   0.7273
   0.7282
   0.7290
   0.7299
   0.7307
   0.7316
   0.7324
   0.7333
   0.7341
   0.7350
   0.7358
   0.7367
   0.7375
   0.7384
   0.7392
   0.7401
   0.7409
   0.7418
   0.7426
   0.7435
   0.7443
   0.7452
   0.7460
   0.7469
   0.7477
   0.7486
   0.7494
   0.7503
   0.7511
   0.7520
   0.7528
   0.7537
   0.7545
   0.7554
   0.7562
   0.7571
   0.7579
   0.7588
   0.7596
   0.7605
   0.7613
   0.7622
   0.7630
   0.7639
   0.7647
   0.7656
   0.7664
   0.7673
   0.7681
   0.7690
   0.7698
   0.7707
   0.7715
   0.7724
   0.7732
   0.7741
   0.7749
   0.7758
   0.7766
   0.7775
   0.7783
   0.7792
   0.7800
   0.7809
   0.7817
   0.7826
   0.7834
   0.7843
   0.7851
   0.7860
   0.7868
   0.7877
   0.7885
   0.7894
   0.7902
   0.7911
   0.7919
   0.7928
   0.7936
   0.7945
   0.7953
   0.7962
   0.7970
   0.7979
   0.7987
   0.7996
   0.8004
   0.8013
   0.8021
   0.8030
   0.8038
   0.8047
   0.8055
   0.8064
   0.8072
   0.8081
   0.8089
   0.8098
   0.8106
   0.8115
   0.8123
   0.8132
   0.8140
   0.8149
   0.8157
   0.8166
   0.8174
   0.8183
   0.8191
   0.8200
   0.8208
   0.8217
   0.8225
   0.8234
   0.8242
   0.8251
   0.8259
   0.8268
   0.8276
   0.8285
   0.8293
   0.8302
   0.8310
   0.8319
   0.8327
   0.8336
   0.8344
   0.8353
   0.8361
   0.8370
   0.8378
   0.8387
   0.8395
   0.8404
   0.8412
   0.8421
   0.8429
   0.8438
   0.8446
   0.8455
   0.8463
   0.8472
   0.8480
   0.8489
   0.8497
   0.8506
   0.8514
   0.8523
   0.8531
   0.8540
   0.8548
   0.8557
   0.8565
   0.8574
   0.8582
   0.8591
   0.8599
   0.8608
   0.8616
   0.8625
   0.8633
   0.8642
   0.8650
   0.8659
   0.8667
   0.8676
   0.8684
   0.8693
   0.8701
   0.8710
   0.8718
   0.8727
   0.8735
   0.8744
   0.8752
   0.8761
   0.8769
   0.8778
   0.8786
   0.8795
   0.8803
   0.8812
   0.8820
   0.8829
   0.8837
   0.8846
   0.8854
   0.8863
   0.8871
   0.8880
   0.8888
   0.8897
   0.8905
   0.8914
   0.8922
   0.8931
   0.8939
   0.8948
   0.8956
   0.8965
   0.8973
   0.8982
   0.8990
   0.8999
   0.9007
   0.9016
   0.9024
   0.9033
   0.9041
   0.9050
   0.9058
   0.9067
   0.9075
   0.9084
   0.9092
   0.9101
   0.9109
   0.9118
   0.9126
   0.9135
   0.9143
   0.9152
   0.9160
   0.9169
   0.9177
   0.9186
   0.9194
   0.9203
   0.9211
   0.9220
   0.9228
   0.9237
   0.9245
   0.9254
   0.9262
   0.9271
   0.9279
   0.9288
   0.9296
   0.9305
   0.9313
   0.9322
   0.9330
   0.9339
   0.9347
   0.9356
   0.9364
   0.9373
   0.9381
   0.9390
   0.9398
   0.9407
   0.9415
   0.9424
   0.9432
   0.9441
   0.9449
   0.9458
   0.9466
   0.9475
   0.9483
   0.9492
   0.9500
   0.9509
   0.9517
   0.9526
   0.9534
   0.9543
   0.9551
   0.9560
   0.9568
   0.9577
   0.9585
   0.9594
   0.9602
   0.9611
   0.9619
   0.9628
   0.9636
   0.9645
   0.9653
   0.9662
   0.9670
   0.9679
   0.9687
   0.9696
   0.9704
   0.9713
   0.9721
   0.9730
   0.9738
   0.9747
   0.9755
   0.9764
   0.9772
   0.9781
   0.9789
   0.9798
   0.9806
   0.9815
   0.9823
   0.9832
   0.9840
   0.9849
   0.9857
   0.9866
   0.9874
   0.9883
   0.9891
   0.9900
   0.9908
   0.9917
   0.9925
   0.9934
   0.9942
   0.9951
   0.9959
   0.9968
   0.9976
   0.9985
   0.9993
   1.0002
   1.0010
   1.0019
   1.0027
   1.0036
   1.0044
   1.0053
   1.0061
   1.0070
   1.0078
   1.0087
   1.0095
   1.0104
   1.0112
   1.0121
   1.0129
   1.0138
   1.0146
   1.0155
   1.0163
   1.0172
   1.0180
   1.0189
   1.0197
   1.0206
   1.0214
   1.0223
   1.0231
   1.0240
   1.0248
   1.0257
   1.0265
   1.0274
   1.0282
   1.0291
   1.0299
   1.0308
   1.0316
   1.0325
   1.0333
   1.0342
   1.0350
   1.0359
   1.0367
   1.0376
   1.0384
   1.0393
   1.0401
   1.0410
   1.0418
   1.0427
   1.0435
   1.0444
   1.0452
   1.0461
   1.0469
   1.0478
   1.0486
   1.0495
   1.0503
   1.0512
   1.0520
   1.0529
   1.0537
   1.0546
   1.0554
   1.0563
   1.0571
   1.0580
   1.0588
   1.0597
   1.0605
   1.0614
   1.0622
   1.0631
   1.0639
   1.0648
   1.0656
   1.0665
   1.0673
   1.0682
   1.0690
   1.0699
   1.0707
   1.0716
   1.0724
   1.0733
   1.0741
   1.0750
   1.0758
   1.0767
   1.0775
   1.0784
   1.0792
   1.0801
   1.0809
   1.0818
   1.0826
   1.0835
   1.0843
   1.0852
   1.0860
   1.0869
   1.0877
   1.0886
   1.0894
   1.0903
   1.0911
   1.0920
   1.0928
   1.0937
   1.0945
   1.0954
   1.0962
   1.0971
   1.0979
   1.0988
   1.0996
   1.1005
   1.1013
   1.1022
   1.1030
   1.1039
   1.1047
   1.1056
   1.1064
   1.1073
   1.1081
   1.1090
   1.1098
   1.1107
   1.1115
   1.1124
   1.1132
   1.1141
   1.1149
   1.1158
   1.1166
   1.1175
   1.1183
   1.1192
   1.1200
   1.1209
   1.1217
   1.1226
   1.1234
   1.1243
   1.1251
   1.1260
   1.1268
   1.1277
   1.1285
   1.1294
   1.1302
   1.1311
   1.1319
   1.1328
   1.1336
   1.1345
   1.1353
   1.1362
   1.1370
   1.1379
   1.1387
   1.1396
   1.1404
   1.1413
   1.1421
   1.1430
   1.1438
   1.1447
   1.1455
   1.1464
   1.1472
   1.1481
   1.1489
   1.1498
   1.1506
   1.1515
   1.1523
   1.1532
   1.1540
   1.1549
   1.1557
   1.1566
   1.1574
   1.1583
   1.1591
   1.1600
   1.1608
   1.1617
   1.1625
   1.1634
   1.1642
   1.1651
   1.1659
   1.1668
   1.1676
   1.1685
   1.1693
   1.1702
   1.1710
   1.1719
   1.1727
   1.1736
   1.1744
   1.1753
   1.1761
   1.1770
   1.1778
   1.1787
   1.1795
   1.1804
   1.1812
   1.1821
   1.1829
   1.1838
   1.1846
   1.1855
   1.1863
   1.1872
   1.1880
   1.1889
   1.1897
   1.1906
   1.1914
   1.1923
   1.1931
   1.1940
   1.1948
   1.1957
   1.1965
   1.1974
   1.1982
   1.1991
   1.1999
   1.2008
   1.2016
   1.2025
   1.2033
   1.2042
   1.2050
   1.2059
   1.2067
   1.2076
   1.2084
   1.2093
   1.2101
   1.2110
   1.2118
   1.2127
   1.2135
   1.2144
   1.2152
   1.2161
   1.2169
   1.2178
   1.2186
   1.2195
   1.2203
   1.2212
   1.2220
   1.2229
   1.2237
   1.2246
   1.2254
   1.2263
   1.2271
   1.2280
   1.2288
   1.2297
   1.2305
   1.2314
   1.2322
   1.2331
   1.2339
   1.2348
   1.2356
   1.2365
   1.2373
   1.2382
   1.2390
   1.2399
   1.2407
   1.2416
   1.2424
   1.2433
   1.2441
   1.2450
   1.2458
   1.2467
   1.2475
   1.2484
   1.2492
   1.2501
   1.2509
   1.2518
   1.2526
   1.2535
   1.2543
   1.2552
   1.2560
   1.2569
   1.2577
   1.2586
   1.2594
   1.2603
   1.2611
   1.2620
   1.2628
   1.2637
   1.2645
   1.2654
   1.2662
   1.2671
   1.2679
   1.2688
   1.2696
   1.2705
   1.2713
   1.2722
   1.2730
   1.2739
   1.2747
   1.2756
   1.2764
   1.2773
   1.2781
   1.2790
   1.2798
   1.2807
   1.2815
   1.2824
   1.2832
   1.2841
   1.2849
   1.2858
   1.2866
   1.2875
   1.2883
   1.2892
   1.2900
   1.2909
   1.2917
   1.2926
   1.2934
   1.2943
   1.2951
   1.2960
   1.2968
   1.2977
   1.2985
   1.2994
   1.3002
   1.3011
   1.3019
   1.3028
   1.3036
   1.3045
   1.3053
   1.3062
   1.3070
   1.3079
   1.3087
   1.3096
   1.3104
   1.3113
   1.3121
   1.3130
   1.3138
   1.3147
   1.3155
   1.3164
   1.3172
   1.3181
   1.3189
   1.3198
   1.3206
   1.3215
   1.3223
   1.3232
   1.3240
   1.3249
   1.3257
   1.3266
   1.3274
   1.3283
   1.3291
   1.3300
   1.3308
   1.3317
   1.3325
   1.3334
   1.3342
   1.3351
   1.3359
   1.3368
   1.3376
   1.3385
   1.3393
   1.3402
   1.3410
   1.3419
   1.3427
   1.3436
   1.3444
   1.3453
   1.3461
   1.3470
   1.3478
   1.3487
   1.3495
   1.3504
   1.3512
   1.3521
   1.3529
   1.3538
   1.3546
   1.3555
   1.3563
   1.3572
   1.3580
   1.3589
   1.3597
   1.3606
   1.3614
   1.3623
   1.3631
   1.3640
   1.3648
   1.3657
   1.3665
   1.3674
   1.3682
   1.3691
   1.3699
   1.3708
   1.3716
   1.3725
   1.3733
   1.3742
   1.3750
   1.3759
   1.3767
   1.3776
   1.3784
   1.3793
   1.3801
   1.3810
   1.3818
   1.3827
   1.3835
   1.3844
   1.3852
   1.3861
   1.3869
   1.3878
   1.3886
   1.3895
   1.3903
   1.3912
   1.3920
   1.3929
   1.3937
   1.3946
   1.3954
   1.3963
   1.3971
   1.3980
   1.3988
   1.3997
   1.4005
   1.4014
   1.4022
   1.4031
   1.4039
   1.4048
   1.4056
   1.4065
   1.4073
   1.4082
   1.4090
   1.4099
   1.4107
   1.4116
   1.4124
   1.4133
   1.4141
   1.4150
   1.4158
   1.4167
   1.4175
   1.4184
   1.4192
   1.4201
   1.4209
   1.4218
   1.4226
   1.4235
   1.4243
   1.4252
   1.4260
   1.4269
   1.4277
   1.4286
   1.4294
   1.4303
   1.4311
   1.4320
   1.4328
   1.4337
   1.4345
   1.4354
   1.4362
   1.4371
   1.4379
   1.4388
   1.4396
   1.4405
   1.4413
   1.4422
   1.4430
   1.4439
   1.4447
   1.4456
   1.4464
   1.4473
   1.4481
   1.4490
   1.4498
   1.4507
   1.4515
   1.4524
   1.4532
   1.4541
   1.4549
   1.4558
   1.4566
   1.4575
   1.4583
   1.4592
   1.4600
   1.4609
   1.4617
   1.4626
   1.4634
   1.4643
   1.4651
   1.4660
   1.4668
   1.4677
   1.4685
   1.4694
   1.4702
   1.4711
   1.4719
   1.4728
   1.4736
   1.4745
   1.4753
   1.4762
   1.4770
   1.4779
   1.4787
   1.4796
   1.4804
   1.4813
   1.4821
   1.4830
   1.4838
   1.4847
   1.4855
   1.4864
   1.4872
   1.4881
   1.4889
   1.4898
   1.4906
   1.4915
   1.4923
   1.4932
   1.4940
   1.4949
   1.4957
   1.4966
   1.4974
   1.4983
   1.4991
   1.5000
   1.5008
   1.5017
   1.5025
   1.5034
   1.5042
   1.5051
   1.5059
   1.5068
   1.5076
   1.5085
   1.5093
   1.5102
   1.5110
   1.5119
   1.5127
   1.5136
   1.5144
   1.5153
   1.5161
   1.5170
   1.5178
   1.5187
   1.5195
   1.5204
   1.5212
   1.5221
   1.5229
   1.5238
   1.5246
   1.5255
   1.5263
   1.5272
   1.5280
   1.5289
   1.5297
   1.5306
   1.5314
   1.5323
   1.5331
   1.5340
   1.5348
   1.5357
   1.5365
   1.5374
   1.5382
   1.5391
   1.5399
   1.5408
   1.5416
   1.5425
   1.5433
   1.5442
   1.5450
   1.5459
   1.5467
   1.5476
   1.5484
   1.5493
   1.5501
   1.5510
   1.5518
   1.5527
   1.5535
   1.5544
   1.5552
   1.5561
   1.5569
   1.5578
   1.5586
   1.5595
   1.5603
   1.5612
   1.5620
   1.5629
   1.5637
   1.5646
   1.5654
   1.5663
   1.5671
   1.5680
   1.5688
   1.5697
   1.5705
   1.5714
   1.5722
   1.5731
   1.5739
   1.5748
   1.5756
   1.5765
   1.5773
   1.5782
   1.5790
   1.5799
   1.5807
   1.5816
   1.5824
   1.5833
   1.5841
   1.5850
   1.5858
   1.5867
   1.5875
   1.5884
   1.5892
   1.5901
   1.5909
   1.5918
   1.5926
   1.5935
   1.5943
   1.5952
   1.5960
   1.5969
   1.5977
   1.5986
   1.5994
   1.6003
   1.6011
   1.6020
   1.6028
   1.6037
   1.6045
   1.6054
   1.6062
   1.6071
   1.6079
   1.6088
   1.6096
   1.6105
   1.6113
   1.6122
   1.6130
   1.6139
   1.6147
   1.6156
   1.6164
   1.6173
   1.6181
   1.6190
   1.6198
   1.6207
   1.6215
   1.6224
   1.6232
   1.6241
   1.6249
   1.6258
   1.6266
   1.6275
   1.6283
   1.6292
   1.6300
   1.6309
   1.6317
   1.6326
   1.6334
   1.6343
   1.6351
   1.6360
   1.6368
   1.6377
   1.6385
   1.6394
   1.6402
   1.6411
   1.6419
   1.6428
   1.6436
   1.6445
   1.6453
   1.6462
   1.6470
   1.6479
   1.6487
   1.6496
   1.6504
   1.6513
   1.6521
   1.6530
   1.6538
   1.6547
   1.6555
   1.6564
   1.6572
   1.6581
   1.6589
   1.6598
   1.6606
   1.6615
   1.6623
   1.6632
   1.6640
   1.6649
   1.6657
   1.6666
   1.6674
   1.6683
   1.6691
   1.6700
   1.6708
   1.6717
   1.6725
   1.6734
   1.6742
   1.6751
   1.6759
   1.6768
   1.6776
   1.6785
   1.6793
   1.6802
   1.6810
   1.6819
   1.6827
   1.6836
   1.6844
   1.6853
   1.6861
   1.6870
   1.6878
   1.6887
   1.6895
   1.6904
   1.6912
   1.6921
   1.6929
   1.6938
   1.6946
   1.6955
   1.6963
   1.6972
   1.6980
   1.6989
   1.6997
   1.7006
   1.7014
   1.7023
   1.7031
   1.7040
   1.7048
   1.7057
   1.7065
   1.7074
   1.7082
   1.7091
   1.7099
   1.7108
   1.7116
   1.7125
   1.7133
   1.7142
   1.7150
   1.7159
   1.7167
   1.7176
   1.7184
   1.7193
   1.7201
   1.7210
   1.7218
   1.7227
   1.7235
   1.7244
   1.7252
   1.7261
   1.7269
   1.7278
   1.7286
   1.7295
   1.7303
   1.7312
   1.7320
   1.7329
   1.7337
   1.7346
   1.7354
   1.7363
   1.7371
   1.7380
   1.7388
   1.7397
   1.7405
   1.7414
   1.7422
   1.7431
   1.7439
   1.7448
   1.7456
   1.7465
   1.7473
   1.7482
   1.7490
   1.7499
   1.7507
   1.7516
   1.7524
   1.7533
   1.7541
   1.7550
   1.7558
   1.7567
   1.7575
   1.7584
   1.7592
   1.7601
   1.7609
   1.7618
   1.7626
   1.7635
   1.7643
   1.7652
   1.7660
   1.7669
   1.7677
   1.7686
   1.7694
   1.7703
   1.7711
   1.7720
   1.7728
   1.7737
   1.7745
   1.7754
   1.7762
   1.7771
   1.7779
   1.7788
   1.7796
   1.7805
   1.7813
   1.7822
   1.7830
   1.7839
   1.7847
   1.7856
   1.7864
   1.7873
   1.7881
   1.7890
   1.7898
   1.7907
   1.7915
   1.7924
   1.7932
   1.7941
   1.7949
   1.7958
   1.7966
   1.7975
   1.7983
   1.7992

   3.7471
   3.7473
   3.7487
   3.7480
   3.7461
   3.7462
   3.7481
   3.7460
   3.7459
   3.7443
   3.7456
   3.7454
   3.7444
   3.7449
   3.7436
   3.7434
   3.7446
   3.7439
   3.7435
   3.7431
   3.7431
   3.7440
   3.7432
   3.7418
   3.7439
   3.7406
   3.7422
   3.7416
   3.7422
   3.7425
   3.7410
   3.7413
   3.7412
   3.7412
   3.7393
   3.7407
   3.7410
   3.7404
   3.7392
   3.7402
   3.7408
   3.7392
   3.7401
   3.7401
   3.7391
   3.7390
   3.7391
   3.7383
   3.7377
   3.7384
   3.7381
   3.7390
   3.7381
   3.7381
   3.7373
   3.7370
   3.7383
   3.7374
   3.7367
   3.7368
   3.7360
   3.7362
   3.7367
   3.7373
   3.7376
   3.7354
   3.7365
   3.7358
   3.7358
   3.7357
   3.7355
   3.7352
   3.7359
   3.7344
   3.7359
   3.7358
   3.7355
   3.7349
   3.7355
   3.7354
   3.7353
   3.7345
   3.7347
   3.7348
   3.7345
   3.7347
   3.7339
   3.7350
   3.7343
   3.7336
   3.7337
   3.7334
   3.7343
   3.7334
   3.7337
   3.7338
   3.7338
   3.7337
   3.7339
   3.7335
   3.7334
   3.7330
   3.7330
   3.7332
   3.7328
   3.7333
   3.7339
   3.7330
   3.7330
   3.7329
   3.7333
   3.7325
   3.7324
   3.7325
   3.7326
   3.7326
   3.7328
   3.7324
   3.7323
   3.7322
   3.7322
   3.7320
   3.7318
   3.7320
   3.7322
   3.7322
   3.7316
   3.7319
   3.7317
   3.7317
   3.7318
   3.7318
   3.7317
   3.7318
   3.7318
   3.7315
   3.7312
   3.7318
   3.7314
   3.7311
   3.7315
   3.7309
   3.7310
   3.7315
   3.7314
   3.7311
   3.7314
   3.7309
   3.7313
   3.7307
   3.7311
   3.7308
   3.7310
   3.7310
   3.7306
   3.7310
   3.7308
   3.7305
   3.7308
   3.7309
   3.7306
   3.7305
   3.7307
   3.7308
   3.7305
   3.7308
   3.7307
   3.7304
   3.7306
   3.7303
   3.7306
   3.7304
   3.7305
   3.7305
   3.7307
   3.7303
   3.7303
   3.7303
   3.7303
   3.7302
   3.7304
   3.7305
   3.7302
   3.7303
   3.7303
   3.7304
   3.7304
   3.7302
   3.7302
   3.7302
   3.7303
   3.7303
   3.7303
   3.7304
   3.7302
   3.7303
   3.7303
   3.7302
   3.7302
   3.7302
   3.7302
   3.7302
   3.7302
   3.7301
   3.7301
   3.7302
   3.7302
   3.7302
   3.7301
   3.7301
   3.7302
   3.7302
   3.7302
   3.7302
   3.7301
   3.7302
   3.7301
   3.7302
   3.7302
   3.7302
   3.7302
   3.7302
   3.7302
   3.7302
   3.7303
   3.7303
   3.7302
   3.7303
   3.7303
   3.7302
   3.7302
   3.7303
   3.7301
   3.7302
   3.7303
   3.7303
   3.7303
   3.7302
   3.7304
   3.7303
   3.7304
   3.7302
   3.7304
   3.7304
   3.7305
   3.7304
   3.7303
   3.7305
   3.7304
   3.7304
   3.7304
   3.7307
   3.7306
   3.7306
   3.7305
   3.7305
   3.7304
   3.7305
   3.7305
   3.7307
   3.7306
   3.7308
   3.7309
   3.7306
   3.7307
   3.7308
   3.7309
   3.7308
   3.7307
   3.7306
   3.7307
   3.7309
   3.7306
   3.7310
   3.7308
   3.7307
   3.7309
   3.7311
   3.7310
   3.7310
   3.7310
   3.7306
   3.7307
   3.7309
   3.7308
   3.7310
   3.7311
   3.7309
   3.7309
   3.7310
   3.7312
   3.7312
   3.7309
   3.7311
   3.7310
   3.7312
   3.7317
   3.7314
   3.7312
   3.7314
   3.7314
   3.7313
   3.7312
   3.7309
   3.7312
   3.7316
   3.7316
   3.7315
   3.7314
   3.7319
   3.7317
   3.7314
   3.7315
   3.7317
   3.7320
   3.7319
   3.7319
   3.7318
   3.7318
   3.7320
   3.7317
   3.7316
   3.7316
   3.7317
   3.7323
   3.7318
   3.7324
   3.7314
   3.7323
   3.7323
   3.7321
   3.7318
   3.7323
   3.7322
   3.7318
   3.7317
   3.7326
   3.7318
   3.7321
   3.7320
   3.7319
   3.7327
   3.7324
   3.7330
   3.7326
   3.7325
   3.7324
   3.7320
   3.7328
   3.7327
   3.7326
   3.7324
   3.7324
   3.7327
   3.7335
   3.7326
   3.7333
   3.7322
   3.7334
   3.7330
   3.7326
   3.7328
   3.7328
   3.7333
   3.7332
   3.7329
   3.7327
   3.7335
   3.7325
   3.7331
   3.7336
   3.7332
   3.7331
   3.7333
   3.7329
   3.7335
   3.7338
   3.7328
   3.7337
   3.7333
   3.7334
   3.7333
   3.7337
   3.7340
   3.7341
   3.7333
   3.7338
   3.7344
   3.7343
   3.7331
   3.7349
   3.7340
   3.7339
   3.7338
   3.7332
   3.7338
   3.7343
   3.7338
   3.7347
   3.7339
   3.7338
   3.7337
   3.7345
   3.7341
   3.7343
   3.7340
   3.7341
   3.7340
   3.7343
   3.7348
   3.7349
   3.7343
   3.7345
   3.7345
   3.7344
   3.7349
   3.7350
   3.7349
   3.7346
   3.7351
   3.7348
   3.7345
   3.7345
   3.7346
   3.7350
   3.7347
   3.7346
   3.7356
   3.7343
   3.7355
   3.7346
   3.7354
   3.7347
   3.7344
   3.7355
   3.7346
   3.7355
   3.7351
   3.7356
   3.7364
   3.7353
   3.7358
   3.7353
   3.7354
   3.7361
   3.7353
   3.7353
   3.7359
   3.7358
   3.7364
   3.7359
   3.7360
   3.7358
   3.7364
   3.7358
   3.7364
   3.7359
   3.7364
   3.7363
   3.7356
   3.7358
   3.7363
   3.7362
   3.7363
   3.7360
   3.7357
   3.7358
   3.7361
   3.7359
   3.7361
   3.7366
   3.7367
   3.7363
   3.7370
   3.7373
   3.7368
   3.7373
   3.7369
   3.7363
   3.7368
   3.7373
   3.7368
   3.7372
   3.7359
   3.7372
   3.7374
   3.7374
   3.7367
   3.7367
   3.7366
   3.7370
   3.7366
   3.7370
   3.7379
   3.7369
   3.7364
   3.7364
   3.7378
   3.7377
   3.7385
   3.7375
   3.7373
   3.7378
   3.7384
   3.7380
   3.7375
   3.7372
   3.7385
   3.7381
   3.7377
   3.7368
   3.7382
   3.7385
   3.7383
   3.7375
   3.7383
   3.7383
   3.7381
   3.7386
   3.7376
   3.7380
   3.7385
   3.7396
   3.7386
   3.7397
   3.7383
   3.7384
   3.7385
   3.7387
   3.7385
   3.7394
   3.7390
   3.7381
   3.7378
   3.7397
   3.7389
   3.7379
   3.7394
   3.7388
   3.7395
   3.7387
   3.7404
   3.7391
   3.7389
   3.7397
   3.7390
   3.7390
   3.7391
   3.7394
   3.7400
   3.7388
   3.7392
   3.7397
   3.7393
   3.7395
   3.7397
   3.7397
   3.7381
   3.7399
   3.7395
   3.7397
   3.7398
   3.7404
   3.7400
   3.7402
   3.7389
   3.7405
   3.7395
   3.7397
   3.7398
   3.7403
   3.7405
   3.7395
   3.7407
   3.7401
   3.7401
   3.7409
   3.7404
   3.7401
   3.7405
   3.7396
   3.7388
   3.7401
   3.7403
   3.7403
   3.7394
   3.7404
   3.7395
   3.7404
   3.7404
   3.7403
   3.7414
   3.7403
   3.7414
   3.7408
   3.7403
   3.7410
   3.7413
   3.7406
   3.7416
   3.7398
   3.7407
   3.7410
   3.7415
   3.7411
   3.7403
   3.7406
   3.7408
   3.7407
   3.7415
   3.7411
   3.7405
   3.7415
   3.7417
   3.7420
   3.7430
   3.7414
   3.7407
   3.7412
   3.7426
   3.7416
   3.7420
   3.7415
   3.7416
   3.7429
   3.7414
   3.7425
   3.7411
   3.7410
   3.7420
   3.7430
   3.7421
   3.7423
   3.7438
   3.7424
   3.7420
   3.7420
   3.7416
   3.7420
   3.7421
   3.7423
   3.7418
   3.7419
   3.7432
   3.7427
   3.7413
   3.7431
   3.7422
   3.7437
   3.7422
   3.7429
   3.7429
   3.7430
   3.7435
   3.7432
   3.7421
   3.7421
   3.7435
   3.7420
   3.7422
   3.7431
   3.7430
   3.7431
   3.7439
   3.7432
   3.7431
   3.7427
   3.7438
   3.7421
   3.7439
   3.7440
   3.7440
   3.7439
   3.7427
   3.7430
   3.7430
   3.7433
   3.7431
   3.7438
   3.7444
   3.7460
   3.7450
   3.7435
   3.7432
   3.7435
   3.7429
   3.7444
   3.7442
   3.7446
   3.7445
   3.7447
   3.7447
   3.7448
   3.7442
   3.7443
   3.7452
   3.7435
   3.7451
   3.7449
   3.7437
   3.7459
   3.7446
   3.7441
   3.7444
   3.7443
   3.7451
   3.7437
   3.7442
   3.7455
   3.7442
   3.7436
   3.7456
   3.7448
   3.7447
   3.7444
   3.7439
   3.7442
   3.7448
   3.7442
   3.7448
   3.7453
   3.7468
   3.7471
   3.7448
   3.7461
   3.7463
   3.7460
   3.7460
   3.7455
   3.7440
   3.7453
   3.7446
   3.7451
   3.7460
   3.7470
   3.7455
   3.7467
   3.7444
   3.7460
   3.7464
   3.7461
   3.7460
   3.7470
   3.7460
   3.7456
   3.7453
   3.7470
   3.7460
   3.7467
   3.7462
   3.7461
   3.7463
   3.7457
   3.7469
   3.7465
   3.7475
   3.7453
   3.7452
   3.7468
   3.7457
   3.7463
   3.7469
   3.7464
   3.7470
   3.7459
   3.7479
   3.7465
   3.7466
   3.7476
   3.7464
   3.7461
   3.7473
   3.7467
   3.7464
   3.7478
   3.7477
   3.7458
   3.7483
   3.7470
   3.7476
   3.7473
   3.7481
   3.7460
   3.7464
   3.7475
   3.7467
   3.7470
   3.7469
   3.7472
   3.7472
   3.7487
   3.7489
   3.7483
   3.7469
   3.7481
   3.7485
   3.7465
   3.7484
   3.7470
   3.7476
   3.7474
   3.7468
   3.7471
   3.7471
   3.7480
   3.7485
   3.7469
   3.7472
   3.7480
   3.7497
   3.7480
   3.7484
   3.7477
   3.7483
   3.7477
   3.7480
   3.7474
   3.7483
   3.7486
   3.7479
   3.7475
   3.7487
   3.7492
   3.7488
   3.7488
   3.7490
   3.7479
   3.7487
   3.7474
   3.7486
   3.7480
   3.7486
   3.7488
   3.7494
   3.7487
   3.7481
   3.7489
   3.7491
   3.7486
   3.7480
   3.7491
   3.7481
   3.7488
   3.7485
   3.7490
   3.7487
   3.7481
   3.7493
   3.7496
   3.7500
   3.7481
   3.7484
   3.7497
   3.7493
   3.7511
   3.7482
   3.7496
   3.7510
   3.7507
   3.7501
   3.7505
   3.7499
   3.7501
   3.7487
   3.7495
   3.7498
   3.7490
   3.7504
   3.7501
   3.7503
   3.7493
   3.7485
   3.7500
   3.7493
   3.7491
   3.7494
   3.7508
   3.7507
   3.7506
   3.7509
   3.7486
   3.7488
   3.7500
   3.7492
   3.7495
   3.7501
   3.7508
   3.7491
   3.7499
   3.7503
   3.7516
   3.7508
   3.7494
   3.7503
   3.7512
   3.7510
   3.7503
   3.7508
   3.7497
   3.7498
   3.7515
   3.7498
   3.7501
   3.7527
   3.7507
   3.7519
   3.7495
   3.7518
   3.7510
   3.7509
   3.7523
   3.7507
   3.7513
   3.7506
   3.7501
   3.7504
   3.7523
   3.7519
   3.7520
   3.7506
   3.7520
   3.7516
   3.7507
   3.7505
   3.7524
   3.7517
   3.7496
   3.7506
   3.7522
   3.7512
   3.7514
   3.7512
   3.7519
   3.7508
   3.7519
   3.7508
   3.7519
   3.7521
   3.7527
   3.7516
   3.7521
   3.7523
   3.7525
   3.7518
   3.7514
   3.7516
   3.7516
   3.7526
   3.7529
   3.7515
   3.7546
   3.7522
   3.7530
   3.7521
   3.7530
   3.7531
   3.7521
   3.7541
   3.7523
   3.7522
   3.7520
   3.7524
   3.7531
   3.7533
   3.7523
   3.7534
   3.7537
   3.7533
   3.7529
   3.7517
   3.7527
   3.7542
   3.7532
   3.7526
   3.7533
   3.7533
   3.7523
   3.7543
   3.7519
   3.7526
   3.7534
   3.7528
   3.7538
   3.7536
   3.7537
   3.7529
   3.7529
   3.7517
   3.7522
   3.7533
   3.7536
   3.7531
   3.7534
   3.7529
   3.7558
   3.7534
   3.7538
   3.7547
   3.7547
   3.7539
   3.7520
   3.7514
   3.7532
   3.7550
   3.7522
   3.7548
   3.7537
   3.7539
   3.7530
   3.7551
   3.7532
   3.7549
   3.7538
   3.7561
   3.7526
   3.7540
   3.7543
   3.7546
   3.7550
   3.7542
   3.7529
   3.7554
   3.7551
   3.7538
   3.7540
   3.7542
   3.7549
   3.7546
   3.7540
   3.7557
   3.7552
   3.7558
   3.7547
   3.7547
   3.7539
   3.7538
   3.7545
   3.7562
   3.7546
   3.7542
   3.7542
   3.7527
   3.7542
   3.7537
   3.7550
   3.7534
   3.7553
   3.7546
   3.7562
   3.7548
   3.7550
   3.7560
   3.7532
   3.7544
   3.7535
   3.7549
   3.7544
   3.7577
   3.7555
   3.7565
   3.7556
   3.7558
   3.7554
   3.7546
   3.7545
   3.7539
   3.7542
   3.7564
   3.7551
   3.7552
   3.7546
   3.7547
   3.7550
   3.7549
   3.7571
   3.7564
   3.7551
   3.7563
   3.7562
   3.7553
   3.7555
   3.7548
   3.7552
   3.7559
   3.7545
   3.7567
   3.7548
   3.7564
   3.7556
   3.7549
   3.7547
   3.7562
   3.7572
   3.7558
   3.7562
   3.7565
   3.7545
   3.7548
   3.7569
   3.7562
   3.7577
   3.7562
   3.7546
   3.7567
   3.7568
   3.7568
   3.7575
   3.7551
   3.7570
   3.7576
   3.7560
   3.7573
   3.7564
   3.7568
   3.7581
   3.7571
   3.7555
   3.7569
   3.7560
   3.7545
   3.7566
   3.7576
   3.7568
   3.7571
   3.7574
   3.7573
   3.7574
   3.7578
   3.7569
   3.7563
   3.7543
   3.7570
   3.7581
   3.7572
   3.7573
   3.7566
   3.7578
   3.7591
   3.7569
   3.7580
   3.7597
   3.7566
   3.7561
   3.7559
   3.7584
   3.7593
   3.7567
   3.7591
   3.7553
   3.7564
   3.7569
   3.7578
   3.7572
   3.7582
   3.7577
   3.7587
   3.7570
   3.7556
   3.7568
   3.7573
   3.7577
   3.7579
   3.7578
   3.7581
   3.7586
   3.7563
   3.7578
   3.7580
   3.7566
   3.7575
   3.7569
   3.7570
   3.7589
   3.7572
   3.7582
   3.7569
   3.7577
   3.7571
   3.7592
   3.7604
   3.7595
   3.7574
   3.7598
   3.7584
   3.7577
   3.7588
   3.7580
   3.7584
   3.7587
   3.7578
   3.7579
   3.7567
   3.7579
   3.7592
   3.7595
   3.7560
   3.7570
   3.7584
   3.7595
   3.7569
   3.7563
   3.7565
   3.7601
   3.7571
   3.7593
   3.7587
   3.7598
   3.7604
   3.7587
   3.7588
   3.7583
   3.7590
   3.7588
   3.7605
   3.7591
   3.7591
   3.7605
   3.7583
   3.7595
   3.7592
   3.7596
   3.7604
   3.7591
   3.7580
   3.7585
   3.7589
   3.7595
   3.7601
   3.7599
   3.7598
   3.7611
   3.7601
   3.7584
   3.7596
   3.7590
   3.7600
   3.7593
   3.7607
   3.7586
   3.7592
   3.7583
   3.7583
   3.7591
   3.7607
   3.7592
   3.7599
   3.7587
   3.7609
   3.7598
   3.7588
   3.7593
   3.7594
   3.7582
   3.7610
   3.7603
   3.7606
   3.7590
   3.7593
   3.7606
   3.7599
   3.7595
   3.7608
   3.7590
   3.7601
   3.7623
   3.7599
   3.7607
   3.7592
   3.7583
   3.7605
   3.7597
   3.7609
   3.7594
   3.7590
   3.7627
   3.7596
   3.7608
   3.7614
   3.7588
   3.7609
   3.7600
   3.7593
   3.7609
   3.7604
   3.7598
   3.7625
   3.7604
   3.7616
   3.7616
   3.7614
   3.7589
   3.7605
   3.7610
   3.7620
   3.7611
   3.7606
   3.7605
   3.7597
   3.7610
   3.7608
   3.7619
   3.7603
   3.7614
   3.7596
   3.7593
   3.7610
   3.7602
   3.7609
   3.7603
   3.7621
   3.7614
   3.7607
   3.7590
   3.7619
   3.7617
   3.7627
   3.7614
   3.7598
   3.7619
   3.7617
   3.7599
   3.7612
   3.7606
   3.7625
   3.7628
   3.7619
   3.7626
   3.7611
   3.7640
   3.7622
   3.7602
   3.7622
   3.7608
   3.7605
   3.7624
   3.7620
   3.7619
   3.7598
   3.7614
   3.7617
   3.7622
   3.7628
   3.7635
   3.7620
   3.7615
   3.7601
   3.7608
   3.7615
   3.7614
   3.7605
   3.7622
   3.7625
   3.7612
   3.7607
   3.7626
   3.7623
   3.7603
   3.7634
   3.7624
   3.7616
   3.7615
   3.7625
   3.7618
   3.7611
   3.7645
   3.7620
   3.7616
   3.7629
   3.7625
   3.7606
   3.7629
   3.7640
   3.7627
   3.7610
   3.7625
   3.7643
   3.7624
   3.7624
   3.7610
   3.7633
   3.7626
   3.7624
   3.7633
   3.7614
   3.7619
   3.7629
   3.7623
   3.7636
   3.7632
   3.7616
   3.7633
   3.7618
   3.7617
   3.7618
   3.7614
   3.7613
   3.7637
   3.7624
   3.7630
   3.7625
   3.7623
   3.7622
   3.7620
   3.7619
   3.7627
   3.7595
   3.7638
   3.7635
   3.7628
   3.7615
   3.7625
   3.7637
   3.7646
   3.7616
   3.7659
   3.7635
   3.7660
   3.7640
   3.7631
   3.7628
   3.7651
   3.7627
   3.7630
   3.7614
   3.7624
   3.7618
   3.7648
   3.7623
   3.7663
   3.7637
   3.7633
   3.7622
   3.7651
   3.7629
   3.7625
   3.7635
   3.7625
   3.7631
   3.7661
   3.7647
   3.7617
   3.7614
   3.7633
   3.7646
   3.7647
   3.7626
   3.7643
   3.7617
   3.7645
   3.7648
   3.7648
   3.7639
   3.7635
   3.7626
   3.7637
   3.7633
   3.7633
   3.7640
   3.7641
   3.7639
   3.7620
   3.7629
   3.7630
   3.7641
   3.7658
   3.7623
   3.7617
   3.7652
   3.7627
   3.7619
   3.7646
   3.7631
   3.7637
   3.7649
   3.7637
   3.7645
   3.7655
   3.7643
   3.7626
   3.7656
   3.7651
   3.7640
   3.7654
   3.7654
   3.7640
   3.7663
   3.7630
   3.7645
   3.7646
   3.7641
   3.7634
   3.7661
   3.7644
   3.7634
   3.7648
   3.7665
   3.7642
   3.7639
   3.7668
   3.7645
   3.7659
   3.7653
   3.7680
   3.7645
   3.7635
   3.7626
   3.7674
   3.7652
   3.7633
   3.7653
   3.7664
   3.7649
   3.7642
   3.7645
   3.7638
   3.7649
   3.7626
   3.7636
   3.7650
   3.7648
   3.7660
   3.7639
   3.7645
   3.7643
   3.7655
   3.7648
   3.7627
   3.7629
   3.7642
   3.7661
   3.7648
   3.7628
   3.7653
   3.7649
   3.7641
   3.7645
   3.7646
   3.7656
   3.7655
   3.7641
   3.7652
   3.7666
   3.7637
   3.7641
   3.7659
   3.7623
   3.7659
   3.7680
   3.7649
   3.7661
   3.7635
   3.7643
   3.7682
   3.7659
   3.7640
   3.7660
   3.7663
   3.7662
   3.7674
   3.7664
   3.7669
   3.7647
   3.7662
   3.7655
   3.7657
   3.7661
   3.7653
   3.7660
   3.7656
   3.7657
   3.7674
   3.7662
   3.7674
   3.7653
   3.7650
   3.7657
   3.7663
   3.7656
   3.7662
   3.7642
   3.7648
   3.7658
   3.7646
   3.7670
   3.7660
   3.7693
   3.7669
   3.7640
   3.7652
   3.7655
   3.7673
   3.7654
   3.7648
   3.7675
   3.7667
   3.7645
   3.7649
   3.7657
   3.7660
   3.7651
   3.7652
   3.7662
   3.7668
   3.7648
   3.7673
   3.7651
   3.7630
   3.7666
   3.7681
   3.7653
   3.7669
   3.7646
   3.7676
   3.7681
   3.7646
   3.7664
   3.7647
   3.7686
   3.7687
   3.7667
   3.7657
   3.7654
   3.7652
   3.7667
   3.7689
   3.7669
   3.7691
   3.7652
   3.7670
   3.7649
   3.7673
   3.7674
   3.7647
   3.7649
   3.7661
   3.7690
   3.7683
   3.7662
   3.7656
   3.7667
   3.7671
   3.7659
   3.7693
   3.7663
   3.7678
   3.7662
   3.7654
   3.7707
   3.7686
   3.7662
   3.7683
   3.7669
   3.7658
   3.7642
   3.7683
   3.7671
   3.7671
   3.7664
   3.7670
   3.7674
   3.7676
   3.7671
   3.7678
   3.7670
   3.7652
   3.7696
   3.7705
   3.7671
   3.7662
   3.7686
   3.7684
   3.7670
   3.7674
   3.7665
   3.7699
   3.7638
   3.7680
   3.7658
   3.7679
   3.7679
   3.7680
   3.7681
   3.7672
   3.7686
   3.7682
   3.7673
   3.7668
   3.7676
   3.7659
   3.7683
   3.7661
   3.7688
   3.7680
   3.7671
   3.7692
   3.7672
   3.7680
   3.7677
   3.7683
   3.7680
   3.7686
   3.7694
   3.7673
   3.7686
   3.7695
   3.7679
   3.7684
   3.7673
   3.7667
   3.7700
   3.7687
   3.7674
   3.7669
   3.7666
   3.7669
   3.7684
   3.7662
   3.7669
   3.7671
   3.7670
   3.7687
   3.7695
   3.7686
   3.7675
   3.7662
   3.7671
   3.7670
   3.7691
   3.7686
   3.7688
   3.7697
   3.7689
   3.7701
   3.7676
   3.7677
   3.7704
   3.7681
   3.7671
   3.7698
   3.7679
   3.7676
   3.7681
   3.7667
   3.7697
   3.7691
   3.7685
   3.7674
   3.7701
   3.7688
   3.7689
   3.7705
   3.7692
   3.7704
   3.7702
   3.7696
   3.7687
   3.7685
   3.7679
   3.7694
   3.7677
   3.7690
   3.7686
   3.7690
   3.7714
   3.7688
   3.7686
   3.7706
   3.7686
   3.7683
   3.7693
   3.7724
   3.7683
   3.7665
   3.7702
   3.7675
   3.7694
   3.7685
   3.7679
   3.7687
   3.7696
   3.7681
   3.7704
   3.7690
   3.7689
   3.7683
   3.7679
   3.7686
   3.7681
   3.7696
   3.7686
   3.7691
   3.7707
   3.7685
   3.7678
   3.7693
   3.7691
   3.7709
   3.7672
   3.7706
   3.7675
   3.7662
   3.7717
   3.7701
   3.7685
   3.7674
   3.7719
   3.7690
   3.7697
   3.7705
   3.7700
   3.7727
   3.7687
   3.7694
   3.7681
   3.7707
   3.7690
   3.7705
   3.7679
   3.7697
   3.7691
   3.7688
   3.7705
   3.7700
   3.7702
   3.7700
   3.7691
   3.7710
   3.7691
   3.7722
   3.7703
   3.7690
   3.7705
   3.7668
   3.7716
   3.7695
   3.7694
   3.7718
   3.7707
   3.7702
   3.7706
   3.7704
   3.7697
   3.7701
   3.7713
   3.7699
   3.7701
   3.7702
   3.7709
   3.7703
   3.7719
   3.7685
   3.7699
   3.7698
   3.7688
   3.7715
   3.7690
   3.7720
   3.7678
   3.7693
   3.7705
   3.7708
   3.7713
   3.7679
   3.7719
   3.7713
   3.7689
   3.7703
   3.7692
   3.7691
   3.7710
   3.7706
   3.7714
   3.7693
   3.7713
   3.7726
   3.7723
   3.7717
   3.7708
   3.7703
   3.7671
   3.7702
   3.7708
   3.7710
   3.7711
   3.7699
   3.7690
   3.7699
   3.7705
   3.7701
   3.7706
   3.7701
   3.7716
   3.7716
   3.7711
   3.7691
   3.7689
   3.7717
   3.7702
   3.7695
   3.7667
   3.7707
   3.7721
   3.7702
   3.7703
   3.7707
   3.7728
   3.7717
   3.7709
   3.7738
   3.7729
   3.7734
   3.7697
   3.7688
   3.7731
   3.7695
   3.7714
   3.7711
   3.7717
   3.7696
   3.7696
   3.7683
   3.7686
   3.7703
   3.7712
   3.7706
   3.7709
   3.7706
   3.7702
   3.7680
   3.7708
   3.7691
   3.7711
   3.7700
   3.7701
   3.7705
   3.7716
   3.7733
   3.7704
   3.7718
   3.7720
   3.7713
   3.7715
   3.7711
   3.7715
   3.7686
   3.7720
   3.7721
   3.7703
   3.7706
   3.7711
   3.7725
   3.7717
   3.7713
   3.7719
   3.7714
   3.7717
   3.7716
   3.7710
   3.7723
   3.7712
   3.7726
   3.7720
   3.7736
   3.7689
   3.7727
   3.7720
   3.7743
   3.7713
   3.7718
   3.7724
   3.7714
   3.7704
   3.7699
   3.7711
   3.7687
   3.7714
   3.7735
   3.7706
   3.7722
   3.7714
   3.7713
   3.7730
   3.7726
   3.7734
   3.7704
   3.7726
   3.7729
   3.7719
   3.7692
   3.7714
   3.7719
   3.7724
   3.7722
   3.7729
   3.7708
   3.7725
   3.7716
   3.7709
   3.7701
   3.7716

   0.0346
   0.0340
   0.0337
   0.0332
   0.0326
   0.0324
   0.0317
   0.0314
   0.0310
   0.0305
   0.0300
   0.0297
   0.0292
   0.0289
   0.0284
   0.0280
   0.0278
   0.0273
   0.0268
   0.0267
   0.0261
   0.0257
   0.0254
   0.0249
   0.0248
   0.0245
   0.0241
   0.0236
   0.0233
   0.0230
   0.0227
   0.0224
   0.0221
   0.0218
   0.0214
   0.0211
   0.0207
   0.0205
   0.0202
   0.0200
   0.0196
   0.0193
   0.0190
   0.0187
   0.0186
   0.0182
   0.0179
   0.0177
   0.0174
   0.0171
   0.0168
   0.0166
   0.0163
   0.0160
   0.0158
   0.0156
   0.0154
   0.0151
   0.0148
   0.0146
   0.0143
   0.0142
   0.0140
   0.0136
   0.0134
   0.0133
   0.0130
   0.0127
   0.0126
   0.0124
   0.0122
   0.0120
   0.0117
   0.0117
   0.0113
   0.0111
   0.0109
   0.0108
   0.0106
   0.0104
   0.0102
   0.0100
   0.0099
   0.0098
   0.0095
   0.0094
   0.0092
   0.0090
   0.0089
   0.0087
   0.0085
   0.0084
   0.0082
   0.0081
   0.0079
   0.0077
   0.0076
   0.0075
   0.0073
   0.0072
   0.0070
   0.0069
   0.0068
   0.0066
   0.0065
   0.0063
   0.0062
   0.0061
   0.0060
   0.0059
   0.0057
   0.0056
   0.0055
   0.0054
   0.0053
   0.0051
   0.0050
   0.0049
   0.0048
   0.0047
   0.0046
   0.0045
   0.0044
   0.0043
   0.0042
   0.0041
   0.0040
   0.0039
   0.0038
   0.0037
   0.0036
   0.0035
   0.0035
   0.0034
   0.0033
   0.0032
   0.0031
   0.0030
   0.0030
   0.0029
   0.0028
   0.0027
   0.0026
   0.0026
   0.0025
   0.0024
   0.0024
   0.0023
   0.0022
   0.0022
   0.0021
   0.0021
   0.0020
   0.0019
   0.0019
   0.0018
   0.0017
   0.0017
   0.0016
   0.0016
   0.0015
   0.0015
   0.0014
   0.0014
   0.0013
   0.0013
   0.0012
   0.0012
   0.0012
   0.0011
   0.0011
   0.0010
   0.0010
   0.0010
   0.0009
   0.0009
   0.0009
   0.0008
   0.0008
   0.0008
   0.0007
   0.0007
   0.0007
   0.0006
   0.0006
   0.0006
   0.0006
   0.0005
   0.0005
   0.0005
   0.0005
   0.0005
   0.0004
   0.0004
   0.0004
   0.0004
   0.0004
   0.0004
   0.0003
   0.0003
   0.0003
   0.0003
   0.0003
   0.0003
   0.0003
   0.0003
   0.0003
   0.0002
   0.0002
   0.0002
   0.0002
   0.0002
   0.0002
   0.0002
   0.0002
   0.0002
   0.0002
   0.0002
   0.0002
   0.0002
   0.0002
   0.0002
   0.0002
   0.0002
   0.0002
   0.0003
   0.0003
   0.0003
   0.0003
   0.0003
   0.0003
   0.0003
   0.0003
   0.0003
   0.0003
   0.0004
   0.0004
   0.0004
   0.0004
   0.0004
   0.0004
   0.0004
   0.0005
   0.0005
   0.0005
   0.0005
   0.0005
   0.0006
   0.0006
   0.0006
   0.0006
   0.0006
   0.0007
   0.0007
   0.0007
   0.0007
   0.0008
   0.0008
   0.0008
   0.0008
   0.0009
   0.0009
   0.0009
   0.0010
   0.0010
   0.0010
   0.0010
   0.0011
   0.0011
   0.0011
   0.0012
   0.0012
   0.0013
   0.0013
   0.0013
   0.0014
   0.0014
   0.0014
   0.0014
   0.0015
   0.0015
   0.0016
   0.0016
   0.0016
   0.0017
   0.0017
   0.0018
   0.0018
   0.0018
   0.0019
   0.0019
   0.0020
   0.0020
   0.0020
   0.0021
   0.0021
   0.0022
   0.0022
   0.0023
   0.0023
   0.0024
   0.0024
   0.0025
   0.0025
   0.0026
   0.0026
   0.0027
   0.0027
   0.0028
   0.0028
   0.0028
   0.0029
   0.0029
   0.0030
   0.0030
   0.0031
   0.0032
   0.0032
   0.0033
   0.0033
   0.0034
   0.0034
   0.0035
   0.0035
   0.0036
   0.0036
   0.0037
   0.0038
   0.0038
   0.0039
   0.0039
   0.0040
   0.0040
   0.0041
   0.0042
   0.0042
   0.0043
   0.0043
   0.0044
   0.0044
   0.0045
   0.0046
   0.0046
   0.0047
   0.0047
   0.0048
   0.0048
   0.0049
   0.0050
   0.0050
   0.0051
   0.0052
   0.0052
   0.0053
   0.0053
   0.0054
   0.0055
   0.0056
   0.0056
   0.0057
   0.0058
   0.0058
   0.0059
   0.0059
   0.0061
   0.0061
   0.0062
   0.0062
   0.0063
   0.0064
   0.0064
   0.0064
   0.0065
   0.0066
   0.0067
   0.0068
   0.0068
   0.0069
   0.0070
   0.0071
   0.0071
   0.0072
   0.0073
   0.0073
   0.0074
   0.0075
   0.0076
   0.0076
   0.0077
   0.0078
   0.0078
   0.0079
   0.0080
   0.0080
   0.0081
   0.0082
   0.0083
   0.0083
   0.0084
   0.0085
   0.0086
   0.0086
   0.0087
   0.0088
   0.0089
   0.0089
   0.0090
   0.0091
   0.0091
   0.0093
   0.0093
   0.0094
   0.0095
   0.0095
   0.0096
   0.0097
   0.0097
   0.0099
   0.0100
   0.0100
   0.0101
   0.0101
   0.0102
   0.0104
   0.0104
   0.0106
   0.0105
   0.0106
   0.0107
   0.0108
   0.0109
   0.0110
   0.0110
   0.0111
   0.0112
   0.0113
   0.0114
   0.0114
   0.0115
   0.0116
   0.0117
   0.0117
   0.0119
   0.0119
   0.0120
   0.0120
   0.0122
   0.0122
   0.0123
   0.0125
   0.0124
   0.0126
   0.0126
   0.0127
   0.0129
   0.0129
   0.0130
   0.0131
   0.0131
   0.0133
   0.0134
   0.0134
   0.0135
   0.0135
   0.0137
   0.0138
   0.0139
   0.0138
   0.0141
   0.0141
   0.0141
   0.0143
   0.0143
   0.0145
   0.0145
   0.0146
   0.0147
   0.0149
   0.0148
   0.0149
   0.0150
   0.0151
   0.0152
   0.0152
   0.0154
   0.0156
   0.0156
   0.0156
   0.0157
   0.0158
   0.0159
   0.0160
   0.0160
   0.0161
   0.0161
   0.0162
   0.0164
   0.0166
   0.0166
   0.0167
   0.0168
   0.0168
   0.0170
   0.0170
   0.0171
   0.0172
   0.0172
   0.0174
   0.0175
   0.0176
   0.0176
   0.0177
   0.0179
   0.0179
   0.0181
   0.0181
   0.0183
   0.0184
   0.0183
   0.0184
   0.0185
   0.0186
   0.0187
   0.0187
   0.0189
   0.0190
   0.0191
   0.0191
   0.0193
   0.0194
   0.0194
   0.0196
   0.0196
   0.0197
   0.0198
   0.0199
   0.0200
   0.0201
   0.0202
   0.0202
   0.0204
   0.0205
   0.0206
   0.0206
   0.0207
   0.0209
   0.0209
   0.0210
   0.0212
   0.0214
   0.0212
   0.0214
   0.0216
   0.0216
   0.0216
   0.0216
   0.0219
   0.0218
   0.0221
   0.0221
   0.0222
   0.0224
   0.0226
   0.0224
   0.0227
   0.0226
   0.0227
   0.0228
   0.0230
   0.0230
   0.0231
   0.0232
   0.0235
   0.0234
   0.0236
   0.0237
   0.0238
   0.0239
   0.0239
   0.0239
   0.0242
   0.0241
   0.0243
   0.0242
   0.0244
   0.0245
   0.0247
   0.0247
   0.0247
   0.0249
   0.0250
   0.0252
   0.0251
   0.0252
   0.0254
   0.0253
   0.0255
   0.0256
   0.0257
   0.0258
   0.0259
   0.0261
   0.0261
   0.0262
   0.0262
   0.0263
   0.0265
   0.0265
   0.0266
   0.0269
   0.0269
   0.0270
   0.0271
   0.0271
   0.0273
   0.0275
   0.0275
   0.0274
   0.0274
   0.0277
   0.0279
   0.0280
   0.0278
   0.0281
   0.0283
   0.0282
   0.0284
   0.0284
   0.0286
   0.0287
   0.0287
   0.0288
   0.0290
   0.0292
   0.0291
   0.0291
   0.0290
   0.0294
   0.0295
   0.0295
   0.0296
   0.0297
   0.0300
   0.0303
   0.0298
   0.0302
   0.0301
   0.0305
   0.0305
   0.0306
   0.0306
   0.0305
   0.0308
   0.0309
   0.0310
   0.0313
   0.0311
   0.0313
   0.0313
   0.0314
   0.0316
   0.0318
   0.0316
   0.0320
   0.0320
   0.0320
   0.0321
   0.0322
   0.0322
   0.0324
   0.0325
   0.0327
   0.0328
   0.0326
   0.0331
   0.0330
   0.0330
   0.0331
   0.0333
   0.0335
   0.0337
   0.0336
   0.0335
   0.0337
   0.0338
   0.0337
   0.0341
   0.0343
   0.0345
   0.0342
   0.0346
   0.0344
   0.0346
   0.0350
   0.0349
   0.0350
   0.0349
   0.0352
   0.0353
   0.0353
   0.0353
   0.0354
   0.0356
   0.0356
   0.0357
   0.0359
   0.0359
   0.0361
   0.0363
   0.0363
   0.0363
   0.0368
   0.0366
   0.0369
   0.0367
   0.0366
   0.0369
   0.0369
   0.0370
   0.0373
   0.0374
   0.0377
   0.0378
   0.0375
   0.0378
   0.0381
   0.0379
   0.0380
   0.0379
   0.0379
   0.0382
   0.0382
   0.0385
   0.0387
   0.0387
   0.0388
   0.0390
   0.0388
   0.0391
   0.0392
   0.0390
   0.0393
   0.0397
   0.0397
   0.0396
   0.0398
   0.0398
   0.0402
   0.0402
   0.0400
   0.0402
   0.0404
   0.0402
   0.0405
   0.0405
   0.0409
   0.0406
   0.0409
   0.0409
   0.0411
   0.0411
   0.0411
   0.0415
   0.0414
   0.0414
   0.0416
   0.0418
   0.0416
   0.0419
   0.0418
   0.0418
   0.0423
   0.0424
   0.0422
   0.0426
   0.0427
   0.0427
   0.0428
   0.0429
   0.0429
   0.0428
   0.0434
   0.0430
   0.0431
   0.0431
   0.0434
   0.0436
   0.0436
   0.0437
   0.0438
   0.0440
   0.0443
   0.0443
   0.0440
   0.0446
   0.0448
   0.0447
   0.0447
   0.0447
   0.0449
   0.0448
   0.0448
   0.0453
   0.0452
   0.0454
   0.0457
   0.0454
   0.0459
   0.0460
   0.0457
   0.0457
   0.0461
   0.0459
   0.0463
   0.0460
   0.0465
   0.0463
   0.0463
   0.0466
   0.0467
   0.0469
   0.0471
   0.0471
   0.0471
   0.0474
   0.0472
   0.0475
   0.0473
   0.0475
   0.0480
   0.0476
   0.0481
   0.0479
   0.0477
   0.0483
   0.0480
   0.0483
   0.0482
   0.0486
   0.0488
   0.0484
   0.0485
   0.0487
   0.0490
   0.0490
   0.0492
   0.0492
   0.0496
   0.0493
   0.0498
   0.0495
   0.0496
   0.0498
   0.0497
   0.0502
   0.0496
   0.0501
   0.0505
   0.0505
   0.0506
   0.0508
   0.0507
   0.0509
   0.0507
   0.0510
   0.0511
   0.0512
   0.0513
   0.0511
   0.0514
   0.0516
   0.0512
   0.0518
   0.0516
   0.0519
   0.0518
   0.0522
   0.0523
   0.0518
   0.0524
   0.0522
   0.0524
   0.0524
   0.0524
   0.0525
   0.0530
   0.0535
   0.0527
   0.0527
   0.0532
   0.0534
   0.0537
   0.0539
   0.0537
   0.0537
   0.0536
   0.0536
   0.0540
   0.0537
   0.0543
   0.0543
   0.0543
   0.0547
   0.0548
   0.0550
   0.0548
   0.0545
   0.0552
   0.0552
   0.0553
   0.0552
   0.0555
   0.0555
   0.0557
   0.0553
   0.0556
   0.0561
   0.0558
   0.0557
   0.0563
   0.0560
   0.0565
   0.0563
   0.0562
   0.0566
   0.0565
   0.0563
   0.0566
   0.0570
   0.0566
   0.0571
   0.0571
   0.0572
   0.0572
   0.0576
   0.0571
   0.0575
   0.0577
   0.0581
   0.0577
   0.0579
   0.0583
   0.0582
   0.0580
   0.0584
   0.0584
   0.0585
   0.0585
   0.0590
   0.0588
   0.0594
   0.0587
   0.0593
   0.0590
   0.0592
   0.0590
   0.0593
   0.0598
   0.0596
   0.0595
   0.0600
   0.0599
   0.0599
   0.0603
   0.0599
   0.0607
   0.0605
   0.0605
   0.0604
   0.0604
   0.0606
   0.0614
   0.0609
   0.0604
   0.0609
   0.0614
   0.0609
   0.0613
   0.0611
   0.0615
   0.0616
   0.0614
   0.0620
   0.0619
   0.0618
   0.0620
   0.0623
   0.0617
   0.0624
   0.0621
   0.0623
   0.0624
   0.0622
   0.0625
   0.0629
   0.0628
   0.0632
   0.0633
   0.0635
   0.0633
   0.0633
   0.0633
   0.0633
   0.0636
   0.0634
   0.0644
   0.0639
   0.0638
   0.0642
   0.0643
   0.0643
   0.0646
   0.0648
   0.0648
   0.0643
   0.0645
   0.0648
   0.0651
   0.0652
   0.0656
   0.0648
   0.0656
   0.0656
   0.0653
   0.0655
   0.0655
   0.0661
   0.0659
   0.0656
   0.0660
   0.0664
   0.0660
   0.0665
   0.0665
   0.0659
   0.0663
   0.0664
   0.0668
   0.0666
   0.0671
   0.0667
   0.0668
   0.0672
   0.0672
   0.0672
   0.0670
   0.0675
   0.0674
   0.0681
   0.0681
   0.0674
   0.0683
   0.0673
   0.0678
   0.0677
   0.0680
   0.0681
   0.0688
   0.0684
   0.0691
   0.0692
   0.0686
   0.0689
   0.0687
   0.0687
   0.0690
   0.0691
   0.0695
   0.0693
   0.0694
   0.0694
   0.0700
   0.0697
   0.0696
   0.0706
   0.0700
   0.0699
   0.0705
   0.0703
   0.0701
   0.0704
   0.0704
   0.0703
   0.0708
   0.0708
   0.0707
   0.0708
   0.0710
   0.0710
   0.0709
   0.0712
   0.0715
   0.0716
   0.0712
   0.0716
   0.0715
   0.0713
   0.0712
   0.0723
   0.0722
   0.0724
   0.0720
   0.0718
   0.0728
   0.0723
   0.0728
   0.0733
   0.0727
   0.0731
   0.0730
   0.0732
   0.0729
   0.0728
   0.0732
   0.0737
   0.0735
   0.0728
   0.0734
   0.0736
   0.0731
   0.0737
   0.0741
   0.0738
   0.0743
   0.0742
   0.0738
   0.0747
   0.0748
   0.0740
   0.0740
   0.0745
   0.0751
   0.0753
   0.0752
   0.0749
   0.0751
   0.0751
   0.0760
   0.0754
   0.0753
   0.0763
   0.0753
   0.0753
   0.0752
   0.0764
   0.0762
   0.0759
   0.0762
   0.0759
   0.0763
   0.0765
   0.0762
   0.0764
   0.0766
   0.0770
   0.0768
   0.0768
   0.0770
   0.0771
   0.0769
   0.0770
   0.0771
   0.0776
   0.0775
   0.0777
   0.0774
   0.0780
   0.0782
   0.0781
   0.0780
   0.0783
   0.0781
   0.0784
   0.0781
   0.0782
   0.0782
   0.0781
   0.0783
   0.0790
   0.0789
   0.0788
   0.0791
   0.0795
   0.0793
   0.0789
   0.0797
   0.0794
   0.0796
   0.0797
   0.0797
   0.0796
   0.0797
   0.0797
   0.0803
   0.0797
   0.0797
   0.0796
   0.0799
   0.0805
   0.0798
   0.0800
   0.0803
   0.0808
   0.0804
   0.0808
   0.0812
   0.0809
   0.0816
   0.0811
   0.0813
   0.0815
   0.0816
   0.0818
   0.0817
   0.0815
   0.0816
   0.0824
   0.0818
   0.0828
   0.0821
   0.0818
   0.0826
   0.0819
   0.0821
   0.0824
   0.0825
   0.0823
   0.0827
   0.0830
   0.0829
   0.0836
   0.0831
   0.0834
   0.0831
   0.0833
   0.0838
   0.0834
   0.0842
   0.0834
   0.0837
   0.0832
   0.0838
   0.0835
   0.0846
   0.0837
   0.0838
   0.0844
   0.0852
   0.0846
   0.0844
   0.0843
   0.0845
   0.0847
   0.0853
   0.0849
   0.0853
   0.0843
   0.0847
   0.0851
   0.0854
   0.0853
   0.0859
   0.0854
   0.0857
   0.0862
   0.0853
   0.0858
   0.0852
   0.0854
   0.0866
   0.0859
   0.0861
   0.0863
   0.0856
   0.0869
   0.0861
   0.0862
   0.0867
   0.0869
   0.0866
   0.0868
   0.0867
   0.0874
   0.0870
   0.0874
   0.0882
   0.0878
   0.0875
   0.0876
   0.0875
   0.0875
   0.0883
   0.0877
   0.0883
   0.0881
   0.0882
   0.0886
   0.0884
   0.0887
   0.0889
   0.0891
   0.0881
   0.0888
   0.0885
   0.0890
   0.0888
   0.0893
   0.0892
   0.0891
   0.0894
   0.0894
   0.0902
   0.0892
   0.0894
   0.0897
   0.0904
   0.0900
   0.0897
   0.0901
   0.0903
   0.0899
   0.0905
   0.0899
   0.0903
   0.0912
   0.0908
   0.0908
   0.0905
   0.0911
   0.0914
   0.0906
   0.0912
   0.0911
   0.0907
   0.0914
   0.0912
   0.0912
   0.0909
   0.0915
   0.0919
   0.0918
   0.0915
   0.0921
   0.0917
   0.0916
   0.0912
   0.0926
   0.0920
   0.0933
   0.0922
   0.0922
   0.0923
   0.0920
   0.0923
   0.0928
   0.0933
   0.0925
   0.0932
   0.0923
   0.0926
   0.0928
   0.0932
   0.0938
   0.0933
   0.0941
   0.0936
   0.0937
   0.0939
   0.0940
   0.0931
   0.0941
   0.0943
   0.0945
   0.0941
   0.0943
   0.0946
   0.0946
   0.0942
   0.0944
   0.0956
   0.0950
   0.0943
   0.0956
   0.0949
   0.0944
   0.0947
   0.0952
   0.0955
   0.0951
   0.0956
   0.0953
   0.0954
   0.0950
   0.0956
   0.0952
   0.0955
   0.0957
   0.0954
   0.0962
   0.0964
   0.0968
   0.0960
   0.0962
   0.0955
   0.0962
   0.0954
   0.0970
   0.0967
   0.0969
   0.0963
   0.0970
   0.0973
   0.0974
   0.0967
   0.0983
   0.0972
   0.0988
   0.0980
   0.0979
   0.0978
   0.0983
   0.0976
   0.0983
   0.0973
   0.0983
   0.0974
   0.0983
   0.0984
   0.0986
   0.0990
   0.0978
   0.0984
   0.0994
   0.0983
   0.0983
   0.0989
   0.0983
   0.0987
   0.1000
   0.0997
   0.0990
   0.0985
   0.0986
   0.0999
   0.0995
   0.0991
   0.0995
   0.0992
   0.1000
   0.1000
   0.1000
   0.0999
   0.1005
   0.0995
   0.1007
   0.1005
   0.1005
   0.1006
   0.1005
   0.1003
   0.1003
   0.1003
   0.0999
   0.1009
   0.1011
   0.1008
   0.1004
   0.1019
   0.1004
   0.1006
   0.1018
   0.1015
   0.1015
   0.1017
   0.1010
   0.1018
   0.1023
   0.1017
   0.1013
   0.1030
   0.1025
   0.1018
   0.1029
   0.1023
   0.1023
   0.1024
   0.1025
   0.1026
   0.1026
   0.1021
   0.1024
   0.1034
   0.1023
   0.1026
   0.1028
   0.1033
   0.1033
   0.1025
   0.1042
   0.1029
   0.1038
   0.1037
   0.1048
   0.1038
   0.1038
   0.1036
   0.1057
   0.1041
   0.1033
   0.1041
   0.1045
   0.1044
   0.1037
   0.1047
   0.1051
   0.1048
   0.1037
   0.1047
   0.1047
   0.1046
   0.1051
   0.1043
   0.1044
   0.1045
   0.1064
   0.1056
   0.1048
   0.1054
   0.1052
   0.1068
   0.1059
   0.1050
   0.1068
   0.1062
   0.1049
   0.1052
   0.1055
   0.1062
   0.1063
   0.1064
   0.1068
   0.1066
   0.1059
   0.1067
   0.1071
   0.1055
   0.1069
   0.1068
   0.1068
   0.1074
   0.1067
   0.1064
   0.1079
   0.1071
   0.1067
   0.1076
   0.1079
   0.1078
   0.1087
   0.1089
   0.1082
   0.1066
   0.1081
   0.1078
   0.1082
   0.1077
   0.1078
   0.1092
   0.1077
   0.1079
   0.1086
   0.1095
   0.1088
   0.1082
   0.1092
   0.1090
   0.1091
   0.1089
   0.1089
   0.1079
   0.1093
   0.1091
   0.1090
   0.1098
   0.1088
   0.1104
   0.1097
   0.1089
   0.1092
   0.1097
   0.1107
   0.1094
   0.1101
   0.1100
   0.1104
   0.1094
   0.1098
   0.1099
   0.1100
   0.1105
   0.1106
   0.1106
   0.1120
   0.1100
   0.1111
   0.1102
   0.1103
   0.1109
   0.1110
   0.1110
   0.1105
   0.1099
   0.1111
   0.1114
   0.1104
   0.1121
   0.1107
   0.1124
   0.1131
   0.1122
   0.1107
   0.1114
   0.1113
   0.1125
   0.1124
   0.1119
   0.1132
   0.1119
   0.1118
   0.1122
   0.1128
   0.1125
   0.1120
   0.1121
   0.1122
   0.1140
   0.1137
   0.1129
   0.1129
   0.1131
   0.1138
   0.1131
   0.1144
   0.1127
   0.1139
   0.1133
   0.1122
   0.1149
   0.1141
   0.1139
   0.1145
   0.1135
   0.1140
   0.1130
   0.1149
   0.1141
   0.1137
   0.1136
   0.1141
   0.1149
   0.1148
   0.1149
   0.1144
   0.1143
   0.1150
   0.1150
   0.1153
   0.1150
   0.1153
   0.1159
   0.1153
   0.1148
   0.1157
   0.1153
   0.1166
   0.1144
   0.1151
   0.1143
   0.1161
   0.1160
   0.1158
   0.1166
   0.1165
   0.1160
   0.1165
   0.1156
   0.1155
   0.1167
   0.1157
   0.1161
   0.1157
   0.1166
   0.1167
   0.1169
   0.1178
   0.1164
   0.1175
   0.1166
   0.1171
   0.1170
   0.1172
   0.1177
   0.1166
   0.1175
   0.1177
   0.1175
   0.1180
   0.1173
   0.1168
   0.1183
   0.1180
   0.1167
   0.1170
   0.1181
   0.1173
   0.1180
   0.1172
   0.1175
   0.1182
   0.1179
   0.1178
   0.1194
   0.1188
   0.1178
   0.1178
   0.1180
   0.1188
   0.1186
   0.1189
   0.1193
   0.1202
   0.1198
   0.1193
   0.1187
   0.1193
   0.1206
   0.1195
   0.1186
   0.1193
   0.1195
   0.1197
   0.1189
   0.1185
   0.1206
   0.1205
   0.1202
   0.1193
   0.1205
   0.1203
   0.1207
   0.1213
   0.1204
   0.1215
   0.1215
   0.1208
   0.1203
   0.1206
   0.1206
   0.1213
   0.1203
   0.1205
   0.1211
   0.1206
   0.1213
   0.1211
   0.1216
   0.1222
   0.1212
   0.1209
   0.1217
   0.1230
   0.1215
   0.1202
   0.1231
   0.1212
   0.1227
   0.1222
   0.1212
   0.1222
   0.1221
   0.1225
   0.1230
   0.1219
   0.1225
   0.1218
   0.1226
   0.1222
   0.1227
   0.1229
   0.1239
   0.1228
   0.1239
   0.1227
   0.1227
   0.1235
   0.1228
   0.1238
   0.1227
   0.1227
   0.1231
   0.1225
   0.1257
   0.1236
   0.1237
   0.1227
   0.1253
   0.1243
   0.1234
   0.1240
   0.1243
   0.1253
   0.1243
   0.1244
   0.1236
   0.1243
   0.1243
   0.1239
   0.1244
   0.1245
   0.1243
   0.1256
   0.1253
   0.1250
   0.1251
   0.1252
   0.1245
   0.1262
   0.1255
   0.1266
   0.1257
   0.1251
   0.1265
   0.1243
   0.1265
   0.1255
   0.1256
   0.1265
   0.1259
   0.1254
   0.1263
   0.1270
   0.1259
   0.1260
   0.1265
   0.1261
   0.1265
   0.1266
   0.1263
   0.1268
   0.1276
   0.1256
   0.1271
   0.1264
   0.1260
   0.1278
   0.1275
   0.1269
   0.1264
   0.1266
   0.1276
   0.1279
   0.1273
   0.1264
   0.1277
   0.1285
   0.1279
   0.1279
   0.1281
   0.1271
   0.1281
   0.1273
   0.1281
   0.1278
   0.1280
   0.1285
   0.1292
   0.1297
   0.1284
   0.1282
   0.1257
   0.1288
   0.1289
   0.1291
   0.1284
   0.1283
   0.1281
   0.1290
   0.1282
   0.1295
   0.1280
   0.1290
   0.1291
   0.1308
   0.1294
   0.1284
   0.1284
   0.1293
   0.1291
   0.1291
   0.1280
   0.1300
   0.1302
   0.1295
   0.1297
   0.1291
   0.1309
   0.1297
   0.1297
   0.1317
   0.1304
   0.1309
   0.1298
   0.1289
   0.1307
   0.1298
   0.1315
   0.1317
   0.1298
   0.1303
   0.1304
   0.1297
   0.1307
   0.1304
   0.1312
   0.1306
   0.1311
   0.1310
   0.1306
   0.1295
   0.1316
   0.1304
   0.1313
   0.1304
   0.1317
   0.1325
   0.1317
   0.1332
   0.1317
   0.1322
   0.1323
   0.1317
   0.1321
   0.1326
   0.1324
   0.1312
   0.1321
   0.1323
   0.1322
   0.1320
   0.1330
   0.1338
   0.1325
   0.1322
   0.1325
   0.1334
   0.1329
   0.1335
   0.1320
   0.1338
   0.1328
   0.1342
   0.1334
   0.1334
   0.1308
   0.1337
   0.1335
   0.1347
   0.1342
   0.1340
   0.1348
   0.1339
   0.1328
   0.1333
   0.1338
   0.1329
   0.1341
   0.1343
   0.1340
   0.1339
   0.1335
   0.1344
   0.1355
   0.1346
   0.1347
   0.1330
   0.1347
   0.1359
   0.1337
   0.1332
   0.1338
   0.1349
   0.1344
   0.1355
   0.1347
   0.1334
   0.1351
   0.1354
   0.1356
   0.1345
   0.1344

