   0.0100
   0.0210
   0.0320
   0.0430
   0.0540
   0.0650
   0.0760
   0.0870
   0.0980
   0.1090
   0.1200
   0.1310
   0.1420
   0.1530
   0.1640
   0.1750
   0.1860
   0.1970
   0.2080
   0.2190
   0.2300
   0.2410
   0.2520
   0.2630
   0.2740
   0.2850
   0.2960
   0.3070
   0.3180
   0.3290
   0.3400
   0.3510
   0.3620
   0.3730
   0.3840
   0.3950
   0.4060
   0.4170
   0.4280
   0.4390
   0.4500
   0.4610
   0.4720
   0.4830
   0.4940
   0.5050
   0.5160
   0.5270
   0.5380
   0.5490
   0.5600
   0.5710
   0.5820
   0.5930
   0.6040
   0.6150
   0.6260
   0.6370
   0.6480
   0.6590
   0.6700
   0.6810
   0.6920
   0.7030
   0.7140
   0.7250
   0.7360
   0.7470
   0.7580
   0.7690
   0.7800
   0.7910
   0.8020
   0.8130
   0.8240
   0.8350
   0.8460
   0.8570
   0.8680
   0.8790
   0.8900
   0.9010
   0.9120
   0.9230
   0.9340
   0.9450
   0.9560
   0.9670
   0.9780
   0.9890
   1.0000
   1.0110
   1.0220
   1.0330
   1.0440
   1.0550
   1.0660
   1.0770
   1.0880
   1.0990

   0.0142
   0.0291
   0.0444
   0.0598
   0.0745
   0.0896
   0.1049
   0.1187
   0.1343
   0.1479
   0.1644
   0.1769
   0.1909
   0.2075
   0.2232
   0.2376
   0.2511
   0.2669
   0.2821
   0.2988
   0.3125
   0.3234
   0.3400
   0.3563
   0.3707
   0.3846
   0.4017
   0.4106
   0.4284
   0.4447
   0.4573
   0.4758
   0.4916
   0.5053
   0.5157
   0.5292
   0.5453
   0.5618
   0.5799
   0.5962
   0.6121
   0.6163
   0.6365
   0.6516
   0.6671
   0.6774
   0.6881
   0.7111
   0.7216
   0.7382
   0.7605
   0.7683
   0.7851
   0.7952
   0.8120
   0.8301
   0.8390
   0.8615
   0.8751
   0.8882
   0.9049
   0.9204
   0.9360
   0.9493
   0.9672
   0.9743
   0.9975
   1.0119
   1.0123
   1.0309
   1.0551
   1.0685
   1.0796
   1.1078
   1.1019
   1.1289
   1.1414
   1.1560
   1.1794
   1.1736
   1.2020
   1.2087
   1.2270
   1.2450
   1.2639
   1.2838
   1.2973
   1.3152
   1.3324
   1.3347
   1.3488
   1.3693
   1.3886
   1.3873
   1.4021
   1.4220
   1.4375
   1.4466
   1.4682
   1.4983

   0.0165
   0.0355
   0.0542
   0.0728
   0.0920
   0.1110
   0.1292
   0.1500
   0.1683
   0.1884
   0.2060
   0.2280
   0.2479
   0.2654
   0.2830
   0.3028
   0.3224
   0.3411
   0.3589
   0.3753
   0.3965
   0.4198
   0.4367
   0.4548
   0.4727
   0.4929
   0.5106
   0.5352
   0.5495
   0.5692
   0.5910
   0.6049
   0.6231
   0.6435
   0.6661
   0.6871
   0.7026
   0.7196
   0.7346
   0.7536
   0.7710
   0.8010
   0.8171
   0.8317
   0.8505
   0.8768
   0.8972
   0.9045
   0.9318
   0.9490
   0.9570
   0.9875
   0.9995
   1.0254
   1.0406
   1.0592
   1.0809
   1.0914
   1.1087
   1.1324
   1.1502
   1.1714
   1.1894
   1.2063
   1.2203
   1.2493
   1.2568
   1.2738
   1.3141
   1.3307
   1.3365
   1.3538
   1.3752
   1.3829
   1.4233
   1.4277
   1.4507
   1.4670
   1.4769
   1.5210
   1.5246
   1.5470
   1.5656
   1.5807
   1.5942
   1.6044
   1.6244
   1.6426
   1.6574
   1.6915
   1.7086
   1.7205
   1.7331
   1.7663
   1.7942
   1.8041
   1.8229
   1.8502
   1.8610
   1.8599

   0.0681
   0.0963
   0.1182
   0.1363
   0.1525
   0.1663
   0.1813
   0.1916
   0.2036
   0.2154
   0.2254
   0.2333
   0.2438
   0.2526
   0.2632
   0.2708
   0.2809
   0.2883
   0.2973
   0.3065
   0.3122
   0.3195
   0.3271
   0.3335
   0.3430
   0.3493
   0.3550
   0.3610
   0.3707
   0.3736
   0.3792
   0.3872
   0.3934
   0.3990
   0.4059
   0.4107
   0.4191
   0.4254
   0.4321
   0.4355
   0.4414
   0.4462
   0.4491
   0.4592
   0.4636
   0.4654
   0.4733
   0.4829
   0.4831
   0.4880
   0.4968
   0.4959
   0.5069
   0.5091
   0.5159
   0.5168
   0.5251
   0.5308
   0.5382
   0.5396
   0.5426
   0.5441
   0.5487
   0.5568
   0.5634
   0.5651
   0.5727
   0.5793
   0.5762
   0.5787
   0.5871
   0.5945
   0.5998
   0.6014
   0.6047
   0.6111
   0.6128
   0.6199
   0.6242
   0.6234
   0.6290
   0.6381
   0.6382
   0.6430
   0.6479
   0.6548
   0.6589
   0.6601
   0.6657
   0.6668
   0.6731
   0.6779
   0.6833
   0.6887
   0.6835
   0.6908
   0.6936
   0.6948
   0.6993
   0.7070

