   0.1000
   0.1300
   0.1600
   0.1900
   0.2200
   0.2500
   0.2800
   0.3100
   0.3400
   0.3700
   0.4000
   0.4300
   0.4600
   0.4900
   0.5200
   0.5500
   0.5800
   0.6100
   0.6400
   0.6700
   0.7000
   0.7300
   0.7600
   0.7900
   0.8200
   0.8500
   0.8800
   0.9100
   0.9400
   0.9700
   1.0000
   1.0300
   1.0600
   1.0900
   1.1200
   1.1500
   1.1800
   1.2100
   1.2400
   1.2700
   1.3000
   1.3300
   1.3600
   1.3900
   1.4200
   1.4500
   1.4800
   1.5100
   1.5400
   1.5700

   6.4000
   5.6000
   5.1000
   4.6000
   4.3000
   4.0000
   3.8000
   3.6000
   3.5000
   3.3000
   3.2000
   3.1000
   3.0000
   2.9000
   2.8000
   2.7000
   2.7000
   2.6000
   2.5000
   2.5000
   2.4000
   2.4000
   2.3000
   2.3000
   2.2000
   2.2000
   2.2000
   2.1000
   2.1000
   2.1000
   2.0000
   2.0000
   2.0000
   1.9000
   1.9000
   1.9000
   1.9000
   1.8000
   1.8000
   1.8000
   1.8000
   1.8000
   1.7000
   1.7000
   1.7000
   1.7000
   1.7000
   1.6000
   1.6000
   1.6000

