   0.0100
   0.0318
   0.0536
   0.0754
   0.0972
   0.1190
   0.1408
   0.1626
   0.1844
   0.2062
   0.2280
   0.2498
   0.2716
   0.2934
   0.3152
   0.3370
   0.3588
   0.3806
   0.4024
   0.4242
   0.4460
   0.4678
   0.4896
   0.5114
   0.5332
   0.5550
   0.5768
   0.5986
   0.6204
   0.6422
   0.6640
   0.6858
   0.7076
   0.7294
   0.7512
   0.7730
   0.7948
   0.8166
   0.8384
   0.8602
   0.8820
   0.9038
   0.9256
   0.9474
   0.9692
   0.9910
   1.0128
   1.0346
   1.0564
   1.0782

   0.1000
   0.1300
   0.1600
   0.1900
   0.2200
   0.2500
   0.2800
   0.3100
   0.3400
   0.3700
   0.4000
   0.4300
   0.4600
   0.4900
   0.5200
   0.5500
   0.5800
   0.6100
   0.6400
   0.6700
   0.7000
   0.7300
   0.7600
   0.7900
   0.8200
   0.8500
   0.8800
   0.9100
   0.9400
   0.9700
   1.0000
   1.0300
   1.0600
   1.0900
   1.1200
   1.1500
   1.1800
   1.2100
   1.2400
   1.2700
   1.3000
   1.3300
   1.3600
   1.3900
   1.4200
   1.4500
   1.4800
   1.5100
   1.5400
   1.5700

   64.1000   56.1000   50.5000   46.9000   43.3000   40.5000   38.5000   36.1000   34.9000   33.3000   32.1000   30.9000   29.7000   28.9000   28.1000   27.3000   26.5000   26.1000   25.3000   24.9000   24.1000   23.7000   23.3000   22.9000   22.5000   22.1000   21.7000   21.3000   20.9000   20.5000   20.1000   20.1000   19.7000   19.3000   19.3000   18.9000   18.9000   18.5000   18.1000   18.1000   17.7000   17.7000   17.3000   17.3000   16.9000   16.9000   16.5000   16.5000   16.1000   16.1000
   36.1000   31.7000   28.5000   26.1000   24.1000   22.5000   21.7000   20.5000   19.3000   18.5000   18.1000   17.3000   16.9000   16.1000   15.7000   15.3000   14.9000   14.5000   14.1000   14.1000   13.7000   13.3000   12.9000   12.9000   12.5000   12.1000   12.1000   12.1000   11.7000   11.7000   11.3000   11.3000   10.9000   10.9000   10.9000   10.5000   10.5000   10.1000   10.1000   10.1000   10.1000    9.7000    9.7000    9.7000    9.3000    9.3000    9.3000    9.3000    9.3000    8.9000
   27.7000   24.1000   21.7000   20.1000   18.5000   17.3000   16.5000   15.7000   14.9000   14.5000   13.7000   13.3000   12.9000   12.5000   12.1000   11.7000   11.3000   11.3000   10.9000   10.5000   10.5000   10.1000   10.1000    9.7000    9.7000    9.3000    9.3000    9.3000    8.9000    8.9000    8.9000    8.5000    8.5000    8.5000    8.1000    8.1000    8.1000    8.1000    7.7000    7.7000    7.7000    7.7000    7.7000    7.3000    7.3000    7.3000    7.3000    7.3000    6.9000    6.9000
   23.3000   20.5000   18.5000   16.9000   15.7000   14.9000   14.1000   13.3000   12.5000   12.1000   11.7000   11.3000   10.9000   10.5000   10.1000   10.1000    9.7000    9.3000    9.3000    8.9000    8.9000    8.5000    8.5000    8.5000    8.1000    8.1000    7.7000    7.7000    7.7000    7.3000    7.3000    7.3000    7.3000    6.9000    6.9000    6.9000    6.9000    6.9000    6.5000    6.5000    6.5000    6.5000    6.5000    6.1000    6.1000    6.1000    6.1000    6.1000    6.1000    5.7000
   20.5000   18.1000   16.1000   14.9000   13.7000   12.9000   12.1000   11.7000   11.3000   10.9000   10.1000   10.1000    9.7000    9.3000    8.9000    8.9000    8.5000    8.5000    8.1000    8.1000    7.7000    7.7000    7.3000    7.3000    7.3000    6.9000    6.9000    6.9000    6.9000    6.5000    6.5000    6.5000    6.5000    6.1000    6.1000    6.1000    6.1000    5.7000    5.7000    5.7000    5.7000    5.7000    5.7000    5.7000    5.3000    5.3000    5.3000    5.3000    5.3000    5.3000
   18.5000   16.5000   14.5000   13.3000   12.5000   11.7000   10.9000   10.5000   10.1000    9.7000    9.3000    8.9000    8.5000    8.5000    8.1000    8.1000    7.7000    7.7000    7.3000    7.3000    6.9000    6.9000    6.9000    6.5000    6.5000    6.5000    6.1000    6.1000    6.1000    6.1000    5.7000    5.7000    5.7000    5.7000    5.7000    5.3000    5.3000    5.3000    5.3000    5.3000    5.3000    4.9000    4.9000    4.9000    4.9000    4.9000    4.9000    4.9000    4.9000    4.5000
   16.9000   14.9000   13.3000   12.5000   11.7000   10.9000   10.1000    9.7000    9.3000    8.9000    8.5000    8.1000    8.1000    7.7000    7.3000    7.3000    6.9000    6.9000    6.9000    6.5000    6.5000    6.5000    6.1000    6.1000    6.1000    5.7000    5.7000    5.7000    5.7000    5.3000    5.3000    5.3000    5.3000    5.3000    4.9000    4.9000    4.9000    4.9000    4.9000    4.9000    4.9000    4.5000    4.5000    4.5000    4.5000    4.5000    4.5000    4.5000    4.5000    4.5000
   15.7000   14.1000   12.5000   11.3000   10.5000   10.1000    9.3000    8.9000    8.5000    8.1000    8.1000    7.7000    7.3000    7.3000    6.9000    6.9000    6.5000    6.5000    6.1000    6.1000    6.1000    5.7000    5.7000    5.7000    5.7000    5.3000    5.3000    5.3000    5.3000    5.3000    4.9000    4.9000    4.9000    4.9000    4.9000    4.5000    4.5000    4.5000    4.5000    4.5000    4.5000    4.5000    4.1000    4.1000    4.1000    4.1000    4.1000    4.1000    4.1000    4.1000
   14.9000   12.9000   11.7000   10.9000   10.1000    9.3000    8.9000    8.5000    8.1000    7.7000    7.3000    7.3000    6.9000    6.9000    6.5000    6.5000    6.1000    6.1000    6.1000    5.7000    5.7000    5.7000    5.3000    5.3000    5.3000    5.3000    4.9000    4.9000    4.9000    4.9000    4.9000    4.5000    4.5000    4.5000    4.5000    4.5000    4.5000    4.1000    4.1000    4.1000    4.1000    4.1000    4.1000    4.1000    4.1000    4.1000    3.7000    3.7000    3.7000    3.7000
   14.1000   12.5000   11.3000   10.1000    9.7000    8.9000    8.5000    8.1000    7.7000    7.3000    6.9000    6.9000    6.5000    6.5000    6.1000    6.1000    5.7000    5.7000    5.7000    5.3000    5.3000    5.3000    5.3000    4.9000    4.9000    4.9000    4.9000    4.5000    4.5000    4.5000    4.5000    4.5000    4.5000    4.1000    4.1000    4.1000    4.1000    4.1000    4.1000    4.1000    4.1000    3.7000    3.7000    3.7000    3.7000    3.7000    3.7000    3.7000    3.7000    3.7000
   13.3000   11.7000   10.5000    9.7000    8.9000    8.5000    8.1000    7.7000    7.3000    6.9000    6.9000    6.5000    6.1000    6.1000    5.7000    5.7000    5.7000    5.3000    5.3000    5.3000    4.9000    4.9000    4.9000    4.9000    4.5000    4.5000    4.5000    4.5000    4.5000    4.1000    4.1000    4.1000    4.1000    4.1000    4.1000    4.1000    4.1000    3.7000    3.7000    3.7000    3.7000    3.7000    3.7000    3.7000    3.7000    3.7000    3.3000    3.3000    3.3000    3.3000
   12.9000   11.3000   10.1000    9.3000    8.5000    8.1000    7.7000    7.3000    6.9000    6.5000    6.5000    6.1000    6.1000    5.7000    5.7000    5.3000    5.3000    5.3000    4.9000    4.9000    4.9000    4.9000    4.5000    4.5000    4.5000    4.5000    4.5000    4.1000    4.1000    4.1000    4.1000    4.1000    4.1000    3.7000    3.7000    3.7000    3.7000    3.7000    3.7000    3.7000    3.7000    3.7000    3.3000    3.3000    3.3000    3.3000    3.3000    3.3000    3.3000    3.3000
   12.1000   10.9000    9.7000    8.9000    8.1000    7.7000    7.3000    6.9000    6.5000    6.5000    6.1000    6.1000    5.7000    5.7000    5.3000    5.3000    5.3000    4.9000    4.9000    4.9000    4.5000    4.5000    4.5000    4.5000    4.1000    4.1000    4.1000    4.1000    4.1000    4.1000    3.7000    3.7000    3.7000    3.7000    3.7000    3.7000    3.7000    3.7000    3.3000    3.3000    3.3000    3.3000    3.3000    3.3000    3.3000    3.3000    3.3000    3.3000    3.3000    3.3000
   11.7000   10.5000    9.3000    8.5000    8.1000    7.3000    6.9000    6.9000    6.5000    6.1000    6.1000    5.7000    5.7000    5.3000    5.3000    4.9000    4.9000    4.9000    4.5000    4.5000    4.5000    4.5000    4.1000    4.1000    4.1000    4.1000    4.1000    4.1000    3.7000    3.7000    3.7000    3.7000    3.7000    3.7000    3.7000    3.3000    3.3000    3.3000    3.3000    3.3000    3.3000    3.3000    3.3000    3.3000    3.3000    3.3000    2.9000    2.9000    2.9000    2.9000
   11.3000   10.1000    8.9000    8.1000    7.7000    7.3000    6.9000    6.5000    6.1000    6.1000    5.7000    5.7000    5.3000    5.3000    4.9000    4.9000    4.9000    4.5000    4.5000    4.5000    4.5000    4.1000    4.1000    4.1000    4.1000    4.1000    3.7000    3.7000    3.7000    3.7000    3.7000    3.7000    3.7000    3.3000    3.3000    3.3000    3.3000    3.3000    3.3000    3.3000    3.3000    3.3000    2.9000    2.9000    2.9000    2.9000    2.9000    2.9000    2.9000    2.9000
   10.9000    9.7000    8.9000    8.1000    7.3000    6.9000    6.5000    6.1000    6.1000    5.7000    5.7000    5.3000    5.3000    4.9000    4.9000    4.9000    4.5000    4.5000    4.5000    4.1000    4.1000    4.1000    4.1000    4.1000    3.7000    3.7000    3.7000    3.7000    3.7000    3.7000    3.3000    3.3000    3.3000    3.3000    3.3000    3.3000    3.3000    3.3000    3.3000    3.3000    2.9000    2.9000    2.9000    2.9000    2.9000    2.9000    2.9000    2.9000    2.9000    2.9000
   10.5000    9.3000    8.5000    7.7000    7.3000    6.9000    6.5000    6.1000    5.7000    5.7000    5.3000    5.3000    4.9000    4.9000    4.5000    4.5000    4.5000    4.5000    4.1000    4.1000    4.1000    4.1000    3.7000    3.7000    3.7000    3.7000    3.7000    3.7000    3.3000    3.3000    3.3000    3.3000    3.3000    3.3000    3.3000    3.3000    3.3000    2.9000    2.9000    2.9000    2.9000    2.9000    2.9000    2.9000    2.9000    2.9000    2.9000    2.9000    2.9000    2.9000
   10.5000    8.9000    8.1000    7.7000    6.9000    6.5000    6.1000    6.1000    5.7000    5.3000    5.3000    4.9000    4.9000    4.9000    4.5000    4.5000    4.5000    4.1000    4.1000    4.1000    4.1000    3.7000    3.7000    3.7000    3.7000    3.7000    3.3000    3.3000    3.3000    3.3000    3.3000    3.3000    3.3000    3.3000    3.3000    2.9000    2.9000    2.9000    2.9000    2.9000    2.9000    2.9000    2.9000    2.9000    2.9000    2.9000    2.5000    2.5000    2.5000    2.5000
   10.1000    8.9000    8.1000    7.3000    6.9000    6.5000    6.1000    5.7000    5.3000    5.3000    4.9000    4.9000    4.9000    4.5000    4.5000    4.5000    4.1000    4.1000    4.1000    3.7000    3.7000    3.7000    3.7000    3.7000    3.7000    3.3000    3.3000    3.3000    3.3000    3.3000    3.3000    3.3000    3.3000    2.9000    2.9000    2.9000    2.9000    2.9000    2.9000    2.9000    2.9000    2.9000    2.9000    2.9000    2.5000    2.5000    2.5000    2.5000    2.5000    2.5000
    9.7000    8.5000    7.7000    7.3000    6.5000    6.1000    5.7000    5.7000    5.3000    5.3000    4.9000    4.9000    4.5000    4.5000    4.5000    4.1000    4.1000    4.1000    3.7000    3.7000    3.7000    3.7000    3.7000    3.3000    3.3000    3.3000    3.3000    3.3000    3.3000    3.3000    3.3000    2.9000    2.9000    2.9000    2.9000    2.9000    2.9000    2.9000    2.9000    2.9000    2.9000    2.9000    2.5000    2.5000    2.5000    2.5000    2.5000    2.5000    2.5000    2.5000
    9.7000    8.5000    7.7000    6.9000    6.5000    6.1000    5.7000    5.3000    5.3000    4.9000    4.9000    4.5000    4.5000    4.5000    4.1000    4.1000    4.1000    3.7000    3.7000    3.7000    3.7000    3.7000    3.3000    3.3000    3.3000    3.3000    3.3000    3.3000    3.3000    2.9000    2.9000    2.9000    2.9000    2.9000    2.9000    2.9000    2.9000    2.9000    2.9000    2.5000    2.5000    2.5000    2.5000    2.5000    2.5000    2.5000    2.5000    2.5000    2.5000    2.5000
    9.3000    8.1000    7.3000    6.9000    6.5000    6.1000    5.7000    5.3000    4.9000    4.9000    4.5000    4.5000    4.5000    4.1000    4.1000    4.1000    4.1000    3.7000    3.7000    3.7000    3.7000    3.3000    3.3000    3.3000    3.3000    3.3000    3.3000    3.3000    2.9000    2.9000    2.9000    2.9000    2.9000    2.9000    2.9000    2.9000    2.9000    2.5000    2.5000    2.5000    2.5000    2.5000    2.5000    2.5000    2.5000    2.5000    2.5000    2.5000    2.5000    2.5000
    9.3000    8.1000    7.3000    6.5000    6.1000    5.7000    5.3000    5.3000    4.9000    4.9000    4.5000    4.5000    4.1000    4.1000    4.1000    4.1000    3.7000    3.7000    3.7000    3.7000    3.3000    3.3000    3.3000    3.3000    3.3000    3.3000    2.9000    2.9000    2.9000    2.9000    2.9000    2.9000    2.9000    2.9000    2.9000    2.9000    2.5000    2.5000    2.5000    2.5000    2.5000    2.5000    2.5000    2.5000    2.5000    2.5000    2.5000    2.5000    2.5000    2.5000
    8.9000    7.7000    6.9000    6.5000    6.1000    5.7000    5.3000    4.9000    4.9000    4.5000    4.5000    4.5000    4.1000    4.1000    4.1000    3.7000    3.7000    3.7000    3.7000    3.3000    3.3000    3.3000    3.3000    3.3000    3.3000    2.9000    2.9000    2.9000    2.9000    2.9000    2.9000    2.9000    2.9000    2.9000    2.5000    2.5000    2.5000    2.5000    2.5000    2.5000    2.5000    2.5000    2.5000    2.5000    2.5000    2.5000    2.5000    2.5000    2.1000    2.1000
    8.9000    7.7000    6.9000    6.5000    6.1000    5.7000    5.3000    4.9000    4.9000    4.5000    4.5000    4.1000    4.1000    4.1000    3.7000    3.7000    3.7000    3.7000    3.3000    3.3000    3.3000    3.3000    3.3000    3.3000    2.9000    2.9000    2.9000    2.9000    2.9000    2.9000    2.9000    2.9000    2.5000    2.5000    2.5000    2.5000    2.5000    2.5000    2.5000    2.5000    2.5000    2.5000    2.5000    2.5000    2.5000    2.1000    2.1000    2.1000    2.1000    2.1000
    8.5000    7.7000    6.9000    6.1000    5.7000    5.3000    5.3000    4.9000    4.5000    4.5000    4.5000    4.1000    4.1000    3.7000    3.7000    3.7000    3.7000    3.3000    3.3000    3.3000    3.3000    3.3000    3.3000    2.9000    2.9000    2.9000    2.9000    2.9000    2.9000    2.9000    2.9000    2.5000    2.5000    2.5000    2.5000    2.5000    2.5000    2.5000    2.5000    2.5000    2.5000    2.5000    2.5000    2.5000    2.1000    2.1000    2.1000    2.1000    2.1000    2.1000
    8.5000    7.3000    6.5000    6.1000    5.7000    5.3000    4.9000    4.9000    4.5000    4.5000    4.1000    4.1000    4.1000    3.7000    3.7000    3.7000    3.7000    3.3000    3.3000    3.3000    3.3000    3.3000    2.9000    2.9000    2.9000    2.9000    2.9000    2.9000    2.9000    2.9000    2.5000    2.5000    2.5000    2.5000    2.5000    2.5000    2.5000    2.5000    2.5000    2.5000    2.5000    2.5000    2.1000    2.1000    2.1000    2.1000    2.1000    2.1000    2.1000    2.1000
    8.1000    7.3000    6.5000    6.1000    5.7000    5.3000    4.9000    4.9000    4.5000    4.1000    4.1000    4.1000    3.7000    3.7000    3.7000    3.7000    3.3000    3.3000    3.3000    3.3000    3.3000    2.9000    2.9000    2.9000    2.9000    2.9000    2.9000    2.9000    2.5000    2.5000    2.5000    2.5000    2.5000    2.5000    2.5000    2.5000    2.5000    2.5000    2.5000    2.5000    2.5000    2.1000    2.1000    2.1000    2.1000    2.1000    2.1000    2.1000    2.1000    2.1000
    8.1000    7.3000    6.5000    5.7000    5.3000    5.3000    4.9000    4.5000    4.5000    4.1000    4.1000    4.1000    3.7000    3.7000    3.7000    3.3000    3.3000    3.3000    3.3000    3.3000    2.9000    2.9000    2.9000    2.9000    2.9000    2.9000    2.9000    2.5000    2.5000    2.5000    2.5000    2.5000    2.5000    2.5000    2.5000    2.5000    2.5000    2.5000    2.5000    2.1000    2.1000    2.1000    2.1000    2.1000    2.1000    2.1000    2.1000    2.1000    2.1000    2.1000
    8.1000    6.9000    6.5000    5.7000    5.3000    4.9000    4.9000    4.5000    4.5000    4.1000    4.1000    3.7000    3.7000    3.7000    3.7000    3.3000    3.3000    3.3000    3.3000    2.9000    2.9000    2.9000    2.9000    2.9000    2.9000    2.9000    2.5000    2.5000    2.5000    2.5000    2.5000    2.5000    2.5000    2.5000    2.5000    2.5000    2.5000    2.5000    2.1000    2.1000    2.1000    2.1000    2.1000    2.1000    2.1000    2.1000    2.1000    2.1000    2.1000    2.1000
    7.7000    6.9000    6.1000    5.7000    5.3000    4.9000    4.9000    4.5000    4.1000    4.1000    4.1000    3.7000    3.7000    3.7000    3.3000    3.3000    3.3000    3.3000    3.3000    2.9000    2.9000    2.9000    2.9000    2.9000    2.9000    2.9000    2.5000    2.5000    2.5000    2.5000    2.5000    2.5000    2.5000    2.5000    2.5000    2.5000    2.1000    2.1000    2.1000    2.1000    2.1000    2.1000    2.1000    2.1000    2.1000    2.1000    2.1000    2.1000    2.1000    2.1000
    7.7000    6.9000    6.1000    5.7000    5.3000    4.9000    4.5000    4.5000    4.1000    4.1000    3.7000    3.7000    3.7000    3.7000    3.3000    3.3000    3.3000    3.3000    2.9000    2.9000    2.9000    2.9000    2.9000    2.9000    2.9000    2.5000    2.5000    2.5000    2.5000    2.5000    2.5000    2.5000    2.5000    2.5000    2.5000    2.1000    2.1000    2.1000    2.1000    2.1000    2.1000    2.1000    2.1000    2.1000    2.1000    2.1000    2.1000    2.1000    2.1000    2.1000
    7.7000    6.5000    6.1000    5.7000    5.3000    4.9000    4.5000    4.5000    4.1000    4.1000    3.7000    3.7000    3.7000    3.3000    3.3000    3.3000    3.3000    2.9000    2.9000    2.9000    2.9000    2.9000    2.9000    2.9000    2.5000    2.5000    2.5000    2.5000    2.5000    2.5000    2.5000    2.5000    2.5000    2.5000    2.1000    2.1000    2.1000    2.1000    2.1000    2.1000    2.1000    2.1000    2.1000    2.1000    2.1000    2.1000    2.1000    2.1000    2.1000    2.1000
    7.7000    6.5000    6.1000    5.3000    4.9000    4.9000    4.5000    4.1000    4.1000    4.1000    3.7000    3.7000    3.7000    3.3000    3.3000    3.3000    3.3000    2.9000    2.9000    2.9000    2.9000    2.9000    2.9000    2.5000    2.5000    2.5000    2.5000    2.5000    2.5000    2.5000    2.5000    2.5000    2.5000    2.1000    2.1000    2.1000    2.1000    2.1000    2.1000    2.1000    2.1000    2.1000    2.1000    2.1000    2.1000    2.1000    2.1000    2.1000    2.1000    1.7000
    7.3000    6.5000    5.7000    5.3000    4.9000    4.5000    4.5000    4.1000    4.1000    3.7000    3.7000    3.7000    3.3000    3.3000    3.3000    3.3000    2.9000    2.9000    2.9000    2.9000    2.9000    2.9000    2.5000    2.5000    2.5000    2.5000    2.5000    2.5000    2.5000    2.5000    2.5000    2.5000    2.1000    2.1000    2.1000    2.1000    2.1000    2.1000    2.1000    2.1000    2.1000    2.1000    2.1000    2.1000    2.1000    2.1000    2.1000    2.1000    1.7000    1.7000
    7.3000    6.5000    5.7000    5.3000    4.9000    4.5000    4.5000    4.1000    4.1000    3.7000    3.7000    3.7000    3.3000    3.3000    3.3000    3.3000    2.9000    2.9000    2.9000    2.9000    2.9000    2.9000    2.5000    2.5000    2.5000    2.5000    2.5000    2.5000    2.5000    2.5000    2.5000    2.1000    2.1000    2.1000    2.1000    2.1000    2.1000    2.1000    2.1000    2.1000    2.1000    2.1000    2.1000    2.1000    2.1000    2.1000    1.7000    1.7000    1.7000    1.7000
    7.3000    6.5000    5.7000    5.3000    4.9000    4.5000    4.1000    4.1000    3.7000    3.7000    3.7000    3.3000    3.3000    3.3000    3.3000    2.9000    2.9000    2.9000    2.9000    2.9000    2.9000    2.5000    2.5000    2.5000    2.5000    2.5000    2.5000    2.5000    2.5000    2.5000    2.1000    2.1000    2.1000    2.1000    2.1000    2.1000    2.1000    2.1000    2.1000    2.1000    2.1000    2.1000    2.1000    2.1000    2.1000    1.7000    1.7000    1.7000    1.7000    1.7000
    6.9000    6.1000    5.7000    5.3000    4.9000    4.5000    4.1000    4.1000    3.7000    3.7000    3.7000    3.3000    3.3000    3.3000    3.3000    2.9000    2.9000    2.9000    2.9000    2.9000    2.5000    2.5000    2.5000    2.5000    2.5000    2.5000    2.5000    2.5000    2.5000    2.1000    2.1000    2.1000    2.1000    2.1000    2.1000    2.1000    2.1000    2.1000    2.1000    2.1000    2.1000    2.1000    2.1000    2.1000    1.7000    1.7000    1.7000    1.7000    1.7000    1.7000
    6.9000    6.1000    5.7000    4.9000    4.9000    4.5000    4.1000    4.1000    3.7000    3.7000    3.3000    3.3000    3.3000    3.3000    2.9000    2.9000    2.9000    2.9000    2.9000    2.9000    2.5000    2.5000    2.5000    2.5000    2.5000    2.5000    2.5000    2.5000    2.1000    2.1000    2.1000    2.1000    2.1000    2.1000    2.1000    2.1000    2.1000    2.1000    2.1000    2.1000    2.1000    2.1000    1.7000    1.7000    1.7000    1.7000    1.7000    1.7000    1.7000    1.7000
    6.9000    6.1000    5.3000    4.9000    4.5000    4.5000    4.1000    4.1000    3.7000    3.7000    3.3000    3.3000    3.3000    3.3000    2.9000    2.9000    2.9000    2.9000    2.9000    2.5000    2.5000    2.5000    2.5000    2.5000    2.5000    2.5000    2.5000    2.1000    2.1000    2.1000    2.1000    2.1000    2.1000    2.1000    2.1000    2.1000    2.1000    2.1000    2.1000    2.1000    2.1000    1.7000    1.7000    1.7000    1.7000    1.7000    1.7000    1.7000    1.7000    1.7000
    6.9000    6.1000    5.3000    4.9000    4.5000    4.5000    4.1000    3.7000    3.7000    3.7000    3.3000    3.3000    3.3000    2.9000    2.9000    2.9000    2.9000    2.9000    2.9000    2.5000    2.5000    2.5000    2.5000    2.5000    2.5000    2.5000    2.5000    2.1000    2.1000    2.1000    2.1000    2.1000    2.1000    2.1000    2.1000    2.1000    2.1000    2.1000    2.1000    2.1000    2.1000    1.7000    1.7000    1.7000    1.7000    1.7000    1.7000    1.7000    1.7000    1.7000
    6.9000    5.7000    5.3000    4.9000    4.5000    4.1000    4.1000    3.7000    3.7000    3.7000    3.3000    3.3000    3.3000    2.9000    2.9000    2.9000    2.9000    2.9000    2.5000    2.5000    2.5000    2.5000    2.5000    2.5000    2.5000    2.5000    2.1000    2.1000    2.1000    2.1000    2.1000    2.1000    2.1000    2.1000    2.1000    2.1000    2.1000    2.1000    2.1000    1.7000    1.7000    1.7000    1.7000    1.7000    1.7000    1.7000    1.7000    1.7000    1.7000    1.7000
    6.5000    5.7000    5.3000    4.9000    4.5000    4.1000    4.1000    3.7000    3.7000    3.3000    3.3000    3.3000    3.3000    2.9000    2.9000    2.9000    2.9000    2.5000    2.5000    2.5000    2.5000    2.5000    2.5000    2.5000    2.5000    2.1000    2.1000    2.1000    2.1000    2.1000    2.1000    2.1000    2.1000    2.1000    2.1000    2.1000    2.1000    2.1000    1.7000    1.7000    1.7000    1.7000    1.7000    1.7000    1.7000    1.7000    1.7000    1.7000    1.7000    1.7000
    6.5000    5.7000    5.3000    4.9000    4.5000    4.1000    4.1000    3.7000    3.7000    3.3000    3.3000    3.3000    2.9000    2.9000    2.9000    2.9000    2.9000    2.5000    2.5000    2.5000    2.5000    2.5000    2.5000    2.5000    2.5000    2.1000    2.1000    2.1000    2.1000    2.1000    2.1000    2.1000    2.1000    2.1000    2.1000    2.1000    2.1000    2.1000    1.7000    1.7000    1.7000    1.7000    1.7000    1.7000    1.7000    1.7000    1.7000    1.7000    1.7000    1.7000
    6.5000    5.7000    5.3000    4.9000    4.5000    4.1000    3.7000    3.7000    3.7000    3.3000    3.3000    3.3000    2.9000    2.9000    2.9000    2.9000    2.9000    2.5000    2.5000    2.5000    2.5000    2.5000    2.5000    2.5000    2.1000    2.1000    2.1000    2.1000    2.1000    2.1000    2.1000    2.1000    2.1000    2.1000    2.1000    2.1000    1.7000    1.7000    1.7000    1.7000    1.7000    1.7000    1.7000    1.7000    1.7000    1.7000    1.7000    1.7000    1.7000    1.7000
    6.5000    5.7000    4.9000    4.5000    4.5000    4.1000    3.7000    3.7000    3.3000    3.3000    3.3000    3.3000    2.9000    2.9000    2.9000    2.9000    2.5000    2.5000    2.5000    2.5000    2.5000    2.5000    2.5000    2.1000    2.1000    2.1000    2.1000    2.1000    2.1000    2.1000    2.1000    2.1000    2.1000    2.1000    2.1000    2.1000    1.7000    1.7000    1.7000    1.7000    1.7000    1.7000    1.7000    1.7000    1.7000    1.7000    1.7000    1.7000    1.7000    1.7000
    6.5000    5.7000    4.9000    4.5000    4.1000    4.1000    3.7000    3.7000    3.3000    3.3000    3.3000    2.9000    2.9000    2.9000    2.9000    2.9000    2.5000    2.5000    2.5000    2.5000    2.5000    2.5000    2.5000    2.1000    2.1000    2.1000    2.1000    2.1000    2.1000    2.1000    2.1000    2.1000    2.1000    2.1000    2.1000    1.7000    1.7000    1.7000    1.7000    1.7000    1.7000    1.7000    1.7000    1.7000    1.7000    1.7000    1.7000    1.7000    1.7000    1.7000
    6.5000    5.7000    4.9000    4.5000    4.1000    4.1000    3.7000    3.7000    3.3000    3.3000    3.3000    2.9000    2.9000    2.9000    2.9000    2.5000    2.5000    2.5000    2.5000    2.5000    2.5000    2.5000    2.1000    2.1000    2.1000    2.1000    2.1000    2.1000    2.1000    2.1000    2.1000    2.1000    2.1000    2.1000    1.7000    1.7000    1.7000    1.7000    1.7000    1.7000    1.7000    1.7000    1.7000    1.7000    1.7000    1.7000    1.7000    1.7000    1.7000    1.7000
    6.1000    5.3000    4.9000    4.5000    4.1000    4.1000    3.7000    3.7000    3.3000    3.3000    3.3000    2.9000    2.9000    2.9000    2.9000    2.5000    2.5000    2.5000    2.5000    2.5000    2.5000    2.5000    2.1000    2.1000    2.1000    2.1000    2.1000    2.1000    2.1000    2.1000    2.1000    2.1000    2.1000    1.7000    1.7000    1.7000    1.7000    1.7000    1.7000    1.7000    1.7000    1.7000    1.7000    1.7000    1.7000    1.7000    1.7000    1.7000    1.7000    1.7000
    6.1000    5.3000    4.9000    4.5000    4.1000    4.1000    3.7000    3.7000    3.3000    3.3000    2.9000    2.9000    2.9000    2.9000    2.9000    2.5000    2.5000    2.5000    2.5000    2.5000    2.5000    2.1000    2.1000    2.1000    2.1000    2.1000    2.1000    2.1000    2.1000    2.1000    2.1000    2.1000    1.7000    1.7000    1.7000    1.7000    1.7000    1.7000    1.7000    1.7000    1.7000    1.7000    1.7000    1.7000    1.7000    1.7000    1.7000    1.7000    1.7000    1.7000

