   0.1000
   0.1300
   0.1600
   0.1900
   0.2200
   0.2500
   0.2800
   0.3100
   0.3400
   0.3700
   0.4000
   0.4300
   0.4600
   0.4900
   0.5200
   0.5500
   0.5800
   0.6100
   0.6400
   0.6700
   0.7000
   0.7300
   0.7600
   0.7900
   0.8200
   0.8500
   0.8800
   0.9100
   0.9400
   0.9700
   1.0000
   1.0300
   1.0600
   1.0900
   1.1200
   1.1500
   1.1800
   1.2100
   1.2400
   1.2700
   1.3000
   1.3300
   1.3600
   1.3900
   1.4200
   1.4500
   1.4800
   1.5100
   1.5400
   1.5700

   0.5016
   0.5011
   0.4979
   0.5028
   0.5046
   0.5045
   0.5025
   0.5045
   0.4981
   0.5044
   0.5004
   0.4981
   0.4988
   0.4995
   0.5002
   0.5057
   0.4943
   0.4996
   0.5041
   0.4934
   0.5043
   0.4955
   0.5034
   0.4954
   0.5074
   0.4978
   0.4925
   0.5056
   0.4994
   0.4905
   0.5041
   0.4974
   0.4946
   0.5081
   0.5026
   0.4982
   0.4917
   0.5092
   0.5021
   0.4981
   0.4942
   0.4889
   0.5060
   0.5017
   0.4987
   0.4936
   0.4899
   0.5107
   0.5080
   0.5040

   6.4000
   5.6000
   5.1000
   4.6000
   4.3000
   4.0000
   3.8000
   3.6000
   3.5000
   3.3000
   3.2000
   3.1000
   3.0000
   2.9000
   2.8000
   2.7000
   2.7000
   2.6000
   2.5000
   2.5000
   2.4000
   2.4000
   2.3000
   2.3000
   2.2000
   2.2000
   2.2000
   2.1000
   2.1000
   2.1000
   2.0000
   2.0000
   2.0000
   1.9000
   1.9000
   1.9000
   1.9000
   1.8000
   1.8000
   1.8000
   1.8000
   1.8000
   1.7000
   1.7000
   1.7000
   1.7000
   1.7000
   1.6000
   1.6000
   1.6000

