   0.1000
   0.1113
   0.1227
   0.1340
   0.1453
   0.1567
   0.1680
   0.1793
   0.1907
   0.2020
   0.2133
   0.2247
   0.2360
   0.2473
   0.2587
   0.2700
   0.2813
   0.2927
   0.3040
   0.3153
   0.3267
   0.3380
   0.3493
   0.3607
   0.3720
   0.3833
   0.3947
   0.4060
   0.4173
   0.4287
   0.4400
   0.4513
   0.4627
   0.4740
   0.4853
   0.4967
   0.5080
   0.5193
   0.5307
   0.5420
   0.5533
   0.5647
   0.5760
   0.5873
   0.5987
   0.6100
   0.6213
   0.6327
   0.6440
   0.6553
   0.6667
   0.6780
   0.6893
   0.7007
   0.7120
   0.7233
   0.7347
   0.7460
   0.7573
   0.7687
   0.7800
   0.7913
   0.8027
   0.8140
   0.8253
   0.8367
   0.8480
   0.8593
   0.8707
   0.8820
   0.8933
   0.9047
   0.9160
   0.9273
   0.9387
   0.9500
   0.9613
   0.9727
   0.9840
   0.9953
   1.0067
   1.0180
   1.0293
   1.0407
   1.0520
   1.0633
   1.0747
   1.0860
   1.0973
   1.1087
   1.1200
   1.1313
   1.1427
   1.1540
   1.1653
   1.1767
   1.1880
   1.1993
   1.2107
   1.2220
   1.2333
   1.2447
   1.2560
   1.2673
   1.2787
   1.2900
   1.3013
   1.3127
   1.3240
   1.3353
   1.3467
   1.3580
   1.3693
   1.3807
   1.3920
   1.4033
   1.4147
   1.4260
   1.4373
   1.4487
   1.4600
   1.4713
   1.4827
   1.4940
   1.5053
   1.5167
   1.5280
   1.5393
   1.5507
   1.5620
   1.5733
   1.5847
   1.5960
   1.6073
   1.6187
   1.6300
   1.6413
   1.6527
   1.6640
   1.6753
   1.6867
   1.6980
   1.7093
   1.7207
   1.7320
   1.7433
   1.7547
   1.7660
   1.7773
   1.7887

   3.8134
   3.8065
   3.8046
   3.7938
   3.7897
   3.7856
   3.7860
   3.7779
   3.7759
   3.7699
   3.7686
   3.7673
   3.7648
   3.7641
   3.7617
   3.7568
   3.7588
   3.7572
   3.7549
   3.7550
   3.7543
   3.7537
   3.7530
   3.7507
   3.7517
   3.7497
   3.7500
   3.7485
   3.7491
   3.7485
   3.7462
   3.7466
   3.7470
   3.7465
   3.7459
   3.7471
   3.7455
   3.7466
   3.7460
   3.7469
   3.7470
   3.7456
   3.7467
   3.7463
   3.7467
   3.7463
   3.7474
   3.7454
   3.7454
   3.7449
   3.7460
   3.7475
   3.7468
   3.7461
   3.7466
   3.7465
   3.7479
   3.7473
   3.7446
   3.7461
   3.7464
   3.7462
   3.7478
   3.7458
   3.7463
   3.7484
   3.7468
   3.7485
   3.7472
   3.7487
   3.7468
   3.7479
   3.7460
   3.7501
   3.7492
   3.7481
   3.7491
   3.7498
   3.7482
   3.7492
   3.7494
   3.7503
   3.7507
   3.7506
   3.7515
   3.7501
   3.7507
   3.7505
   3.7503
   3.7512
   3.7504
   3.7512
   3.7490
   3.7513
   3.7515
   3.7510
   3.7528
   3.7514
   3.7523
   3.7522
   3.7510
   3.7529
   3.7520
   3.7527
   3.7523
   3.7536
   3.7528
   3.7532
   3.7537
   3.7537
   3.7521
   3.7544
   3.7537
   3.7549
   3.7536
   3.7525
   3.7539
   3.7523
   3.7535
   3.7529
   3.7530
   3.7544
   3.7548
   3.7546
   3.7562
   3.7557
   3.7564
   3.7561
   3.7552
   3.7541
   3.7561
   3.7540
   3.7563
   3.7563
   3.7558
   3.7568
   3.7557
   3.7548
   3.7576
   3.7567
   3.7568
   3.7568
   3.7582
   3.7572
   3.7576
   3.7565
   3.7572
   3.7577
   3.7570
   3.7582

   0.1586
   0.1451
   0.1358
   0.1236
   0.1140
   0.1066
   0.0996
   0.0921
   0.0861
   0.0799
   0.0754
   0.0723
   0.0682
   0.0646
   0.0605
   0.0564
   0.0555
   0.0529
   0.0503
   0.0492
   0.0478
   0.0454
   0.0441
   0.0424
   0.0414
   0.0404
   0.0398
   0.0386
   0.0379
   0.0373
   0.0361
   0.0360
   0.0357
   0.0354
   0.0350
   0.0356
   0.0345
   0.0356
   0.0351
   0.0353
   0.0354
   0.0350
   0.0358
   0.0358
   0.0359
   0.0364
   0.0369
   0.0366
   0.0366
   0.0370
   0.0378
   0.0384
   0.0388
   0.0392
   0.0395
   0.0402
   0.0405
   0.0412
   0.0409
   0.0419
   0.0423
   0.0429
   0.0442
   0.0440
   0.0449
   0.0460
   0.0459
   0.0472
   0.0470
   0.0482
   0.0481
   0.0494
   0.0494
   0.0510
   0.0514
   0.0515
   0.0525
   0.0532
   0.0536
   0.0543
   0.0552
   0.0561
   0.0566
   0.0578
   0.0583
   0.0582
   0.0588
   0.0595
   0.0605
   0.0615
   0.0622
   0.0631
   0.0626
   0.0641
   0.0643
   0.0650
   0.0663
   0.0667
   0.0668
   0.0679
   0.0682
   0.0694
   0.0696
   0.0704
   0.0712
   0.0719
   0.0717
   0.0734
   0.0735
   0.0745
   0.0737
   0.0755
   0.0763
   0.0773
   0.0775
   0.0770
   0.0783
   0.0781
   0.0798
   0.0801
   0.0799
   0.0812
   0.0826
   0.0823
   0.0840
   0.0845
   0.0851
   0.0850
   0.0859
   0.0859
   0.0872
   0.0867
   0.0883
   0.0887
   0.0898
   0.0907
   0.0902
   0.0902
   0.0921
   0.0920
   0.0924
   0.0938
   0.0942
   0.0942
   0.0954
   0.0962
   0.0949
   0.0971
   0.0963
   0.0981

