0.000000    0.000005
0.011012    0.000018
0.022024    0.000041
0.033036    0.000072
0.044048    0.000113
0.055060    0.000162
0.066071    0.000220
0.077083    0.000286
0.088095    0.000360
0.099107    0.000442
0.110119    0.000532
0.121131    0.000629
0.132143    0.000733
0.143155    0.000843
0.154167    0.000960
0.165179    0.001083
0.176190    0.001211
0.187202    0.001344
0.198214    0.001482
0.209226    0.001623
0.220238    0.001769
0.231250    0.001917
0.242262    0.002069
0.253274    0.002222
0.264286    0.002377
0.275298    0.002533
0.286310    0.002690
0.297321    0.002847
0.308333    0.003003
0.319345    0.003159
0.330357    0.003313
0.341369    0.003465
0.352381    0.003615
0.363393    0.003761
0.374405    0.003905
0.385417    0.004044
0.396429    0.004179
0.407440    0.004309
0.418452    0.004434
0.429464    0.004553
0.440476    0.004667
0.451488    0.004774
0.462500    0.004874
0.473512    0.004968
0.484524    0.005054
0.495536    0.005132
0.506548    0.005203
0.517560    0.005265
0.528571    0.005320
0.539583    0.005366
0.550595    0.005403
0.561607    0.005432
0.572619    0.005452
0.583631    0.005464
0.594643    0.005466
0.605655    0.005460
0.616667    0.005446
0.627679    0.005422
0.638690    0.005390
0.649702    0.005350
0.660714    0.005301
0.671726    0.005244
0.682738    0.005179
0.693750    0.005107
0.704762    0.005027
0.715774    0.004940
0.726786    0.004846
0.737798    0.004745
0.748810    0.004638
0.759821    0.004525
0.770833    0.004407
0.781845    0.004284
0.792857    0.004155
0.803869    0.004023
0.814881    0.003886
0.825893    0.003746
0.836905    0.003603
0.847917    0.003458
0.858929    0.003310
0.869940    0.003161
0.880952    0.003010
0.891964    0.002859
0.902976    0.002708
0.913988    0.002556
0.925000    0.002406
0.936012    0.002256
0.947024    0.002108
0.958036    0.001962
0.969048    0.001819
0.980060    0.001678
0.991071    0.001541
1.002083    0.001407
1.013095    0.001278
1.024107    0.001153
1.035119    0.001033
1.046131    0.000918
1.057143    0.000809
1.068155    0.000705
1.079167    0.000608
1.090179    0.000517
1.101190    0.000433
1.112202    0.000356
1.123214    0.000285
1.134226    0.000223
1.145238    0.000167
1.156250    0.000120
1.167262    0.000080
1.178274    0.000048
1.189286    0.000024
1.200298    0.000009
1.211310    0.000001
1.222321    0.000001
1.233333    0.000010
1.244345    0.000026
1.255357    0.000051
1.266369    0.000084
1.277381    0.000124
1.288393    0.000173
1.299405    0.000229
1.310417    0.000293
1.321429    0.000364
1.332440    0.000442
1.343452    0.000527
1.354464    0.000619
1.365476    0.000718
1.376488    0.000822
1.387500    0.000933
1.398512    0.001050
1.409524    0.001173
1.420536    0.001300
1.431548    0.001433
1.442560    0.001570
1.453571    0.001711
1.464583    0.001857
1.475595    0.002006
1.486607    0.002158
1.497619    0.002314
1.508631    0.002472
1.519643    0.002632
1.530655    0.002795
1.541667    0.002959
1.552679    0.003124
1.563690    0.003291
1.574702    0.003458
1.585714    0.003625
1.596726    0.003792
1.607738    0.003959
1.618750    0.004125
1.629762    0.004290
1.640774    0.004453
1.651786    0.004615
1.662798    0.004776
1.673810    0.004933
1.684821    0.005089
1.695833    0.005241
1.706845    0.005391
1.717857    0.005537
1.728869    0.005680
1.739881    0.005819
1.750893    0.005954
1.761905    0.006085
1.772917    0.006211
1.783929    0.006333
1.794940    0.006450
1.805952    0.006563
1.816964    0.006670
1.827976    0.006773
1.838988    0.006870
1.850000    0.006961
1.861012    0.007048
1.872024    0.007129
1.883036    0.007204
1.894048    0.007273
1.905060    0.007337
1.916071    0.007395
1.927083    0.007448
1.938095    0.007495
1.949107    0.007536
1.960119    0.007571
1.971131    0.007600
1.982143    0.007624
1.993155    0.007643
2.004167    0.007655
2.015179    0.007663
2.026190    0.007664
2.037202    0.007661
2.048214    0.007652
2.059226    0.007638
2.070238    0.007619
2.081250    0.007595
2.092262    0.007566
2.103274    0.007533
2.114286    0.007495
2.125298    0.007452
2.136310    0.007405
2.147321    0.007354
2.158333    0.007299
2.169345    0.007240
2.180357    0.007177
2.191369    0.007111
2.202381    0.007041
2.213393    0.006968
2.224405    0.006891
2.235417    0.006812
2.246429    0.006730
2.257440    0.006646
2.268452    0.006558
2.279464    0.006469
2.290476    0.006377
2.301488    0.006283
2.312500    0.006188
2.323512    0.006091
2.334524    0.005992
2.345536    0.005891
2.356548    0.005790
2.367560    0.005687
2.378571    0.005584
2.389583    0.005479
2.400595    0.005374
2.411607    0.005268
2.422619    0.005162
2.433631    0.005056
2.444643    0.004949
2.455655    0.004842
2.466667    0.004735
2.477679    0.004629
2.488690    0.004523
2.499702    0.004417
2.510714    0.004311
2.521726    0.004206
2.532738    0.004102
2.543750    0.003999
2.554762    0.003896
2.565774    0.003794
2.576786    0.003693
2.587798    0.003593
2.598810    0.003495
2.609821    0.003397
2.620833    0.003301
2.631845    0.003206
2.642857    0.003112
2.653869    0.003020
2.664881    0.002929
2.675893    0.002840
2.686905    0.002752
2.697917    0.002665
2.708929    0.002581
2.719940    0.002497
2.730952    0.002416
2.741964    0.002336
2.752976    0.002257
2.763988    0.002181
2.775000    0.002105
2.786012    0.002032
2.797024    0.001960
2.808036    0.001890
2.819048    0.001822
2.830060    0.001755
2.841071    0.001690
2.852083    0.001626
2.863095    0.001565
2.874107    0.001505
2.885119    0.001446
2.896131    0.001389
2.907143    0.001334
2.918155    0.001280
2.929167    0.001228
2.940179    0.001177
2.951190    0.001128
2.962202    0.001081
2.973214    0.001035
2.984226    0.000990
2.995238    0.000947
3.006250    0.000905
3.017262    0.000864
3.028274    0.000825
3.039286    0.000788
3.050298    0.000751
3.061310    0.000716
3.072321    0.000682
3.083333    0.000649
3.094345    0.000618
3.105357    0.000587
3.116369    0.000558
3.127381    0.000530
3.138393    0.000503
3.149405    0.000477
3.160417    0.000452
3.171429    0.000428
3.182440    0.000405
3.193452    0.000382
3.204464    0.000361
3.215476    0.000341
3.226488    0.000321
3.237500    0.000303
3.248512    0.000285
3.259524    0.000268
3.270536    0.000252
3.281548    0.000236
3.292560    0.000221
3.303571    0.000207
3.314583    0.000193
3.325595    0.000180
3.336607    0.000168
3.347619    0.000156
3.358631    0.000145
3.369643    0.000135
3.380655    0.000125
3.391667    0.000115
3.402679    0.000106
3.413690    0.000098
3.424702    0.000090
3.435714    0.000082
3.446726    0.000075
3.457738    0.000068
3.468750    0.000062
3.479762    0.000056
3.490774    0.000050
3.501786    0.000045
3.512798    0.000040
3.523810    0.000035
3.534821    0.000031
3.545833    0.000027
3.556845    0.000023
3.567857    0.000020
3.578869    0.000017
3.589881    0.000014
3.600893    0.000012
3.611905    0.000009
3.622917    0.000007
3.633929    0.000006
3.644940    0.000004
3.655952    0.000003
3.666964    0.000002
3.677976    0.000001
3.688988    0.000000
3.700000    0.000000
